0 0 36.22154055254967 978 NEUTRAL
0 1 36.124783736376884 977 NEUTRAL
0 2 36.05551275463989 976 NEUTRAL
0 3 36.013886210738214 975 NEUTRAL
0 4 36.0 974 NEUTRAL
0 5 36.013886210738214 973 NEUTRAL
10 6 36.05551275463989 972 NEUTRAL
10 7 36.124783736376884 971 NEUTRAL
10 8 36.22154055254967 970 NEUTRAL
10 9 36.345563690772494 969 NEUTRAL
20 10 36.49657518178932 968 NEUTRAL
20 11 36.6742416417845 967 NEUTRAL
20 12 36.87817782917155 966 NEUTRAL
20 13 37.107950630558946 965 NEUTRAL
30 14 37.36308338453881 964 NEUTRAL
30 15 37.64306044943742 963 NEUTRAL
30 16 37.94733192202055 962 NEUTRAL
30 17 38.27531841800928 961 NEUTRAL
40 18 38.62641583165593 960 NEUTRAL
40 19 39.0 959 NEUTRAL
40 20 39.395431207184416 958 NEUTRAL
40 21 39.81205847478876 957 NEUTRAL
50 22 40.24922359499622 956 NEUTRAL
50 23 40.70626487409524 955 NEUTRAL
50 24 41.182520563948 954 NEUTRAL
50 25 41.677331968349414 953 NEUTRAL
60 26 42.190046219457976 952 NEUTRAL
60 27 42.720018726587654 951 NEUTRAL
60 28 43.266615305567875 950 NEUTRAL
60 29 43.829214001622255 949 NEUTRAL
70 30 44.40720662234904 948 NEUTRAL
70 31 45.0 947 NEUTRAL
70 32 45.60701700396552 946 NEUTRAL
70 33 46.22769732530488 945 NEUTRAL
80 34 46.861498055439924 944 NEUTRAL
80 35 47.50789408087881 943 NEUTRAL
80 36 48.16637831516918 942 UP
80 37 48.83646178829912 941 UP
90 38 49.51767361255979 940 UP
90 39 50.20956084253277 939 UP
90 40 62.48199740725323 938 UP
90 41 62.48199740725323 937 UP
100 42 62.48199740725323 936 UP
100 43 61.07372593840988 924 UP
100 44 59.665735560705194 920 UP
100 45 58.25804665451803 916 UP
110 46 56.85068161420758 912 UP
110 47 55.44366510251645 908 UP
110 48 54.037024344425184 904 UP
110 49 52.630789467763066 900 UP
120 50 51.22499389946279 896 UP
120 51 49.8196748283246 892 UP
120 52 48.41487374764082 888 UP
120 53 47.01063709417264 884 UP
130 54 45.60701700396552 810 UP
130 55 44.204072210600685 806 UP
130 56 42.80186911806539 802 UP
130 57 41.400483088968905 798 UP
140 58 40.0 794 UP
140 59 38.41874542459709 790 UP
140 60 36.87817782917155 786 UP
140 61 35.38361202590826 782 UP
150 62 33.94112549695428 778 UP
150 63 32.55764119219941 774 UP
150 64 31.240998703626616 770 UP
150 65 30.0 766 UP
160 66 28.844410203711913 691 UP
160 67 27.784887978899608 673 UP
160 68 26.832815729997478 667 UP
160 69 26.0 661 UP
170 70 25.298221281347036 655 UP
170 71 24.041630560342615 649 UP
170 72 22.80350850198276 643 UP
170 73 21.587033144922902 637 UP
180 74 20.396078054371138 631 UP
180 75 19.235384061671343 625 UP
180 76 18.110770276274835 619 UP
180 77 17.029386365926403 613 UP
190 78 16.0 585 UP
190 79 15.033296378372908 581 UP
190 80 14.142135623730951 577 UP
190 81 13.341664064126334 573 UP
200 82 12.649110640673518 569 UP
200 83 13.416407864998739 565 UP
200 84 14.422205101855956 561 UP
200 85 15.620499351813308 557 UP
210 86 16.97056274847714 553 UP
210 87 18.439088914585774 549 UP
210 88 20.0 545 UP
210 89 21.633307652783937 541 UP
220 90 23.323807579381203 456 UP
220 91 25.059928172283335 452 UP
220 92 26.832815729997478 448 UP
220 93 28.635642126552707 444 UP
230 94 30.463092423455635 440 UP
230 95 31.016124838541646 436 UP
230 96 31.622776601683793 432 UP
230 97 32.28002478313795 428 UP
240 98 32.984845004941285 424 UP
240 99 33.734255586866 420 UP
240 100 34.52535300326414 416 UP
240 101 35.35533905932738 412 UP
250 102 36.22154055254967 348 UP
250 103 37.12142238654117 330 UP
250 104 38.05259518088089 324 UP
250 105 39.01281840626232 318 UP
260 106 40.0 312 UP
260 107 40.0 306 UP
260 108 40.0 300 UP
260 109 40.0 294 UP
270 110 40.0 288 UP
270 111 40.0 282 UP
270 112 40.0 276 UP
270 113 40.0 270 UP
280 114 40.0 264 UP
280 115 40.0 258 UP
280 116 40.0 252 LEFT
280 117 40.0 246 LEFT
290 118 40.0 153 LEFT
290 119 39.01281840626232 152 LEFT
290 120 38.05259518088089 151 LEFT
290 121 37.12142238654117 150 LEFT
300 122 36.22154055254967 149 LEFT
300 123 35.35533905932738 148 LEFT
300 124 34.52535300326414 147 UP
300 125 33.734255586866 146 UP
310 126 32.984845004941285 145 UP
310 127 32.984845004941285 139 UP
310 128 32.984845004941285 133 UP
310 129 32.984845004941285 127 UP
320 130 32.984845004941285 121 UP
320 131 34.20526275297414 115 UP
320 132 35.4400902933387 109 UP
320 133 36.68787265568828 103 UP
370 134 37.36308338453881 97 UP
370 135 38.07886552931954 91 UP
370 136 39.05124837953327 85 UP
370 137 39.81205847478876 79 UP
380 138 40.792156108742276 0 RIGHT
380 139 41.593268686170845 1 RIGHT
380 140 41.43669871020132 2 RIGHT
380 141 42.2965719651132 3 RIGHT
390 142 42.190046219457976 4 RIGHT
390 143 43.104524124504614 5 RIGHT
390 144 43.04648650006177 6 RIGHT
390 145 44.01136216933077 7 RIGHT
400 146 44.0 8 RIGHT
400 147 45.0111097397076 9 RIGHT
400 148 45.044422518220834 10 RIGHT
400 149 46.09772228646444 11 RIGHT
410 150 46.17358552246078 12 RIGHT
410 151 47.265209192385896 13 RIGHT
410 152 47.38143096192854 14 RIGHT
410 153 48.507731342539614 15 RIGHT
420 154 48.662100242385755 16 RIGHT
420 155 49.8196748283246 17 RIGHT
420 156 50.00999900019995 18 RIGHT
420 157 51.19570294468082 19 DOWN
430 158 51.419840528729765 20 DOWN
430 159 51.419840528729765 80 DOWN
430 160 50.44799302251776 86 DOWN
430 161 50.44799302251776 92 DOWN
440 162 49.47726750741192 98 DOWN
440 163 49.47726750741192 104 DOWN
440 164 48.507731342539614 110 DOWN
440 165 48.507731342539614 116 DOWN
450 166 47.53945729601885 122 DOWN
450 167 47.53945729601885 128 DOWN
450 168 46.57252408878007 134 LEFT
450 169 46.57252408878007 140 LEFT
460 170 45.60701700396552 165 LEFT
460 171 46.32493928760188 164 LEFT
460 172 46.09772228646444 163 LEFT
460 173 46.87216658103186 162 LEFT
470 174 46.69047011971501 161 LEFT
470 175 47.51841748206689 160 LEFT
470 176 47.38143096192854 159 LEFT
470 177 48.25971404805462 158 LEFT
480 178 48.16637831516918 157 LEFT
480 179 49.09175083453431 156 LEFT
480 180 49.040799340956916 155 DOWN
480 181 50.00999900019995 154 DOWN
480 182 50.0 153 DOWN
480 183 50.0 246 DOWN
480 184 49.0 252 DOWN
480 185 49.0 258 DOWN
480 186 48.0 264 DOWN
480 187 47.01063709417264 270 DOWN
480 188 46.010868281309364 276 DOWN
480 189 45.044422518220834 282 DOWN
480 190 44.04543109109048 288 DOWN
480 191 43.104524124504614 294 DOWN
480 192 42.1070065428546 300 DOWN
480 193 41.19465984809196 306 DOWN
480 194 40.19950248448356 312 DOWN
480 195 39.319206502675 318 DOWN
480 196 38.3275357934736 324 DOWN
480 197 37.48332962798263 330 DOWN
480 198 36.49657518178932 348 DOWN
480 199 35.6931365951495 412 DOWN
480 200 34.713109915419565 416 DOWN
480 201 33.95585369269929 420 DOWN
480 202 32.984845004941285 424 DOWN
480 203 32.28002478313795 428 DOWN
480 204 31.32091952673165 432 DOWN
480 205 30.675723300355934 436 DOWN
480 206 29.732137494637012 440 RIGHT
480 207 29.154759474226502 444 RIGHT
480 208 28.231188426986208 448 RIGHT
480 209 27.730849247724095 452 RIGHT
480 210 26.832815729997478 456 RIGHT
480 211 25.495097567963924 457 RIGHT
480 212 25.079872407968907 458 RIGHT
480 213 23.769728648009426 459 RIGHT
480 214 23.40939982143925 460 RIGHT
480 215 22.135943621178654 461 RIGHT
480 216 21.840329667841555 462 RIGHT
480 217 20.615528128088304 463 RIGHT
480 218 20.396078054371138 464 RIGHT
480 219 19.235384061671343 465 RIGHT
480 220 19.1049731745428 466 RIGHT
480 221 18.027756377319946 467 RIGHT
680 222 18.0 468 RIGHT
680 223 17.029386365926403 469 RIGHT
680 224 17.11724276862369 470 RIGHT
680 225 16.278820596099706 471 RIGHT
680 226 16.492422502470642 472 RIGHT
680 227 15.811388300841896 473 RIGHT
680 228 16.15549442140351 474 RIGHT
680 229 15.652475842498529 475 RIGHT
680 230 16.1245154965971 476 RIGHT
680 231 15.811388300841896 477 UP
680 232 16.401219466856727 478 UP
680 233 16.278820596099706 479 UP
680 234 16.97056274847714 480 UP
680 235 17.029386365926403 453 UP
680 236 17.804493814764857 449 UP
680 237 18.027756377319946 445 UP
680 238 18.867962264113206 441 UP
680 239 19.235384061671343 437 UP
680 240 20.12461179749811 433 UP
680 241 20.615528128088304 429 UP
680 242 21.540659228538015 425 UP
680 243 22.135943621178654 421 UP
680 244 23.08679276123039 417 RIGHT
680 245 23.769728648009426 413 RIGHT
690 246 24.73863375370596 361 RIGHT
690 247 24.73863375370596 362 RIGHT
690 248 25.0 363 RIGHT
690 249 25.0 364 RIGHT
700 250 25.298221281347036 365 RIGHT
700 251 25.298221281347036 366 RIGHT
700 252 25.632011235952593 367 RIGHT
700 253 25.632011235952593 368 RIGHT
710 254 26.0 369 RIGHT
710 255 26.0 370 RIGHT
710 256 26.40075756488817 371 RIGHT
710 257 26.40075756488817 372 RIGHT
720 258 26.832815729997478 373 RIGHT
720 259 27.730849247724095 373 UP
720 260 28.635642126552707 332 UP
720 261 30.463092423455635 326 UP
720 262 31.38470965295043 320 UP
730 263 33.24154027718932 314 UP
1130 264 34.17601498127012 308 UP
1130 265 36.05551275463989 302 UP
1130 266 37.0 296 UP
1140 267 38.897300677553446 290 UP
1140 268 39.84971769034255 284 UP
1140 269 41.7612260356422 278 UP
1140 270 42.720018726587654 272 UP
1150 271 44.64302857109943 266 UP
1150 272 45.60701700396552 260 UP
1150 273 47.53945729601885 254 UP
1150 274 48.507731342539614 248 UP
1160 275 50.44799302251776 189 RIGHT
1160 276 50.695167422546305 190 RIGHT
1160 277 51.92301994298868 191 RIGHT
1160 278 52.20153254455275 192 RIGHT
1170 279 53.45091205957107 193 RIGHT
1170 280 53.75872022286245 194 RIGHT
1170 281 55.02726596879042 195 RIGHT
1170 282 55.362442142665635 196 RIGHT
1180 283 55.362442142665635 197 RIGHT
1180 284 55.71355310873648 198 RIGHT
1180 285 55.71355310873648 199 RIGHT
1180 286 56.08029957123981 200 RIGHT
1190 287 56.08029957123981 201 DOWN
1190 288 55.154328932550705 249 DOWN
1190 289 53.85164807134504 255 DOWN
1190 290 52.92447448959697 261 DOWN
1200 291 51.62363799656123 267 DOWN
1200 292 50.695167422546305 273 DOWN
1200 293 50.15974481593781 279 DOWN
1200 294 49.24428900898052 285 DOWN
1210 295 48.75448697299562 291 DOWN
1210 296 47.853944456021594 297 DOWN
1210 297 47.41307836451879 303 DOWN
1210 298 46.52956049652737 309 DOWN
1220 299 46.14108798023731 315 DOWN
1220 300 45.27692569068709 321 DOWN
1220 301 44.94441010848846 327 DOWN
1220 302 44.10215414239989 333 RIGHT
1230 303 42.43819034784589 374 RIGHT
1230 304 43.01162633521314 375 RIGHT
1230 305 42.80186911806539 376 RIGHT
1230 306 43.41658669218482 377 RIGHT
1240 307 43.278170016764804 378 RIGHT
1240 308 43.93176527297759 379 RIGHT
1240 309 43.86342439892262 380 RIGHT
1240 310 44.553338819890925 381 RIGHT
1250 311 44.553338819890925 382 RIGHT
1250 312 45.27692569068709 383 RIGHT
1250 313 45.34313619501854 384 RIGHT
1250 314 46.09772228646444 385 RIGHT
1260 315 46.22769732530488 386 RIGHT
1260 316 47.01063709417264 387 RIGHT
2060 317 47.20169488482379 388 RIGHT
2060 318 48.010415536631214 389 RIGHT
2070 319 48.25971404805462 390 RIGHT
2070 320 49.09175083453431 391 RIGHT
2070 321 49.39635614091387 392 RIGHT
2070 322 50.24937810560445 393 RIGHT
2080 323 50.60632371551998 394 RIGHT
2080 324 51.478150704935004 395 RIGHT
2080 325 51.884487084291386 396 RIGHT
2080 326 52.773099207835045 397 RIGHT
2090 327 54.56189146281496 398 RIGHT
2090 328 54.56189146281496 398 UP
2090 329 55.90169943749474 334 UP
2090 330 56.356011214421486 328 UP
2090 331 57.706152185014034 322 UP
2100 332 58.180752831155424 316 UP
2100 333 59.53990258641679 310 UP
2100 334 60.90155991434045 304 UP
2100 335 62.26556030423239 298 UP
2110 336 63.631753079732135 292 UP
2110 337 65.0 286 UP
2110 338 66.37017402418047 280 UP
2110 339 67.7421582177598 274 UP
2120 340 69.1158447825099 268 UP
2120 341 70.49113419430843 262 UP
2120 342 71.56116265125938 256 UP
2120 343 72.67048919609665 250 RIGHT
2130 344 73.81734213584231 225 RIGHT
2130 345 75.21303078589507 226 RIGHT
2130 346 76.60939890117922 227 RIGHT
2130 347 78.00640999302557 228 RIGHT
2140 348 79.40403012442127 229 RIGHT
2140 349 80.80222769206304 230 RIGHT
2140 350 82.20097323024831 231 RIGHT
2140 351 83.60023923410746 232 RIGHT
2150 352 85.0 233 RIGHT
2150 353 86.40023148117139 234 RIGHT
2150 354 88.0056816347672 235 RIGHT
2150 355 89.62700485902673 236 RIGHT
2160 356 91.2633551870629 237 RIGHT
2160 357 92.91393867445294 238 RIGHT
2160 358 94.57801012920498 239 RIGHT
2160 359 96.25487000666512 240 RIGHT
2170 360 97.94386147176351 241 RIGHT
2170 361 99.64436762808022 242 RIGHT
2170 362 101.35580891098448 243 UP
2170 363 103.07764064044152 244 UP
2180 364 104.80935072788114 245 UP
2180 365 106.17438485811914 144 UP
2180 366 107.18675291284833 138 UP
2180 367 108.2266141020775 132 UP
2190 368 109.29318368498559 126 UP
2190 369 110.38568747804219 120 UP
2190 370 111.50336317797773 114 UP
2190 371 112.6454615153225 108 UP
2240 372 112.6454615153225 102 UP
2240 373 112.6454615153225 96 UP
2240 374 113.22543883774529 90 UP
2240 375 113.22543883774529 84 UP
2250 376 113.81124724736128 78 UP
2250 377 113.22543883774529 78 LEFT
2250 378 112.4144118874444 77 LEFT
2250 379 111.01801655587259 76 LEFT
2250 380 110.20889256316842 75 LEFT
2260 381 108.81176406988355 74 LEFT
2260 382 108.00462953040486 73 LEFT
2260 383 106.40018796975878 72 LEFT
2260 384 105.60303025955268 71 LEFT
2270 385 104.01922899156675 70 LEFT
2270 386 103.23274674249446 69 LEFT
2270 387 101.67103815738285 68 LEFT
2270 388 100.89598604503551 67 LEFT
2280 389 99.35793878699377 66 LEFT
2280 390 98.59513172565875 65 LEFT
2280 391 97.082439194738 64 LEFT
2280 392 96.33275663033837 63 LEFT
2290 393 94.847245611035 62 LEFT
2290 394 94.11163583744573 61 LEFT
2290 395 92.65527507918802 60 LEFT
2290 396 91.93475947648963 59 DOWN
2300 397 90.50966799187809 58 DOWN
2300 398 89.80534505250787 83 DOWN
2300 399 88.3911760301898 89 DOWN
2300 400 87.69264507357501 95 DOWN
2310 401 86.27861844049197 101 DOWN
2310 402 85.58621384311844 107 DOWN
2310 403 84.17244204607586 113 DOWN
2310 404 83.48652585896721 119 DOWN
2320 405 82.07313811473277 125 DOWN
2320 406 81.39410298049853 131 RIGHT
2320 407 80.05623023850174 137 RIGHT
2320 408 79.39773296511683 143 RIGHT
2320 409 78.10249675906654 225 RIGHT
2320 410 78.87331614684399 226 RIGHT
2320 411 79.02531240052139 227 RIGHT
2320 412 79.81227975693966 228 RIGHT
2320 413 80.0 229 RIGHT
2320 414 80.80222769206304 230 RIGHT
2320 415 81.02468759581859 231 RIGHT
2320 416 81.8413098624405 232 RIGHT
2320 417 82.09750300709517 233 RIGHT
2320 418 82.92767933567175 234 RIGHT
2320 419 83.21658488546619 235 RIGHT
2320 420 84.05950273467003 236 DOWN
2320 421 84.38009243891595 237 DOWN
2320 422 83.86298349093002 251 DOWN
2320 423 82.85529554590944 257 DOWN
2320 424 82.365041127896 263 DOWN
2330 425 81.41252974819048 269 DOWN
2330 426 80.95060222135473 275 DOWN
2330 427 80.05623023850174 281 DOWN
2330 428 79.62411694957753 287 DOWN
2340 429 78.79086241436883 293 DOWN
2340 430 78.39005038906404 299 DOWN
2340 431 77.07788269017254 305 DOWN
2340 432 76.69419795525604 311 DOWN
2350 433 75.39230729988306 317 DOWN
2350 434 75.02666192761077 323 DOWN
2350 435 73.7360156233031 329 DOWN
2350 436 73.38937252763509 335 DOWN
2360 437 72.11102550927978 399 DOWN
2360 438 71.78439941937245 415 DOWN
2360 439 70.51950084905593 419 DOWN
2360 440 70.21395872616783 423 DOWN
2370 441 68.96375859826666 427 DOWN
2370 442 68.6804193347711 431 DOWN
2370 443 67.446274915669 435 DOWN
2370 444 67.1863081289633 439 DOWN
2380 445 65.96969000988257 443 DOWN
2380 446 65.73431371817918 447 DOWN
2380 447 64.53681120105021 451 DOWN
2380 448 64.32728814430156 455 DOWN
2390 449 63.150613615387776 540 DOWN
2390 450 62.96824596572466 544 DOWN
2390 451 61.814237842102365 548 DOWN
2390 452 61.66036003787198 552 DOWN
2400 453 60.530983801686226 556 DOWN
2400 454 60.40695324215582 560 DOWN
2400 455 60.40695324215582 564 DOWN
2400 456 60.29925372672534 568 DOWN
2410 457 60.29925372672534 572 DOWN
2410 458 60.207972893961475 576 DOWN
2410 459 60.207972893961475 580 DOWN
2410 460 60.13318551349163 584 DOWN
2420 461 60.13318551349163 612 DOWN
2420 462 60.07495318350236 618 DOWN
2420 463 60.07495318350236 624 DOWN
2420 464 60.03332407921454 630 DOWN
2430 465 60.03332407921454 636 DOWN
2430 466 60.00833275470999 642 DOWN
2430 467 60.00833275470999 648 DOWN
2430 468 60.0 654 DOWN
2440 469 60.0 660 DOWN
2440 470 60.00833275470999 666 DOWN
2440 471 60.00833275470999 672 DOWN
2440 472 60.03332407921454 678 DOWN
2450 473 60.03332407921454 753 DOWN
2450 474 60.07495318350236 769 DOWN
2450 475 60.07495318350236 773 DOWN
2450 476 60.13318551349163 777 DOWN
2460 477 60.13318551349163 781 DOWN
2460 478 60.207972893961475 785 DOWN
2460 479 59.30430001273095 789 DOWN
2460 480 59.413803110051795 793 DOWN
2470 481 58.54912467321779 797 DOWN
2470 482 58.69412236331676 801 DOWN
2470 483 57.87054518492115 805 DOWN
2470 484 58.05170109479997 809 DOWN
2480 485 57.271284253105414 883 DOWN
2480 486 57.48912940721924 887 DOWN
2480 487 56.753854494650845 891 DOWN
2480 488 57.0087712549569 895 DOWN
2490 489 56.32051136131489 899 DOWN
2490 490 56.61271941887264 903 DOWN
2490 491 55.97320787662612 907 DOWN
2490 492 56.302753041036986 911 DOWN
2500 493 55.71355310873648 915 DOWN
2500 494 56.08029957123981 919 DOWN
2500 495 55.54277630799526 923 DOWN
2500 496 55.94640292279746 927 DOWN
2510 497 55.46169849544819 1020 DOWN
2510 498 55.46169849544819 1020 RIGHT
2510 499 55.46169849544819 1021 RIGHT
2510 500 56.36488268416781 1022 RIGHT
2510 501 56.36488268416781 1023 RIGHT
2520 502 57.271284253105414 1024 RIGHT
2520 503 57.77542730261716 1025 RIGHT
2520 504 58.69412236331676 1026 RIGHT
2520 505 59.23681287847955 1027 RIGHT
2530 506 60.166435825965294 1028 RIGHT
2530 507 59.80802621722272 1028 RIGHT
2530 508 59.80802621722272 1028 DOWN
2530 509 59.80802621722272 1034 DOWN
2530 510 60.166435825965294 1040 DOWN
2530 511 60.166435825965294 1046 DOWN
2540 512 60.53924347066124 1052 DOWN
2540 513 60.53924347066124 1058 DOWN
2540 514 60.92618484691127 1064 DOWN
2540 515 60.92618484691127 1070 DOWN
2550 516 61.326992425847855 1076 DOWN
2550 517 61.326992425847855 1082 DOWN
2550 518 61.741396161732524 1088 DOWN
2550 519 61.741396161732524 1094 DOWN
2560 520 62.16912416947821 1124 DOWN
2560 521 62.16912416947821 1130 DOWN
2560 522 62.609903369994115 1136 DOWN
2560 523 62.609903369994115 1142 DOWN
2610 524 63.52952069707436 1148 DOWN
2610 525 64.4980619863884 1154 DOWN
2610 526 65.0 1160 DOWN
2610 527 66.03786792439622 1166 DOWN
2620 528 66.57326790837296 1172 DOWN
2620 529 67.67569726275453 1178 DOWN
2620 530 68.24221567329127 1184 DOWN
2620 531 69.40461079784254 1190 DOWN
2630 532 70.0 1291 DOWN
2630 533 70.60453243241541 1291 DOWN
2630 534 70.60453243241541 1291 DOWN
2630 535 71.21797525905943 1291 LEFT
2630 536 70.43436661176133 1290 LEFT
2630 537 70.2922470831599 1289 LEFT
2630 538 69.52697318307479 1288 LEFT
2640 539 69.42621983083913 1287 LEFT
2640 540 68.6804193347711 1286 LEFT
2640 541 68.62215385719105 1285 LEFT
2640 542 67.89698078707183 1284 LEFT
2650 543 67.88225099390856 1283 LEFT
2650 544 67.17886572427373 1282 LEFT
2650 545 67.17886572427373 1281 LEFT
2650 546 66.48308055437865 1280 LEFT
2660 547 66.48308055437865 1279 LEFT
2660 548 65.79513659838392 1278 LEFT
2660 549 65.79513659838392 1277 LEFT
2660 550 65.11528238439882 1276 LEFT
2670 551 65.11528238439882 1275 LEFT
2670 552 64.4437739428721 1274 UP
2670 553 64.4437739428721 1273 UP
2670 554 63.7808748764079 1272 UP
2680 555 63.7808748764079 1271 UP
2680 556 63.0317380372777 1189 UP
2680 557 62.96824596572466 1183 UP
2680 558 62.24146527838174 1177 UP
2690 559 62.22539674441618 1171 UP
2690 560 61.5223536610881 1165 UP
2690 561 61.554853586049575 1159 UP
2690 562 60.876925020897694 1153 UP
2700 563 60.959002616512684 1147 UP
2700 564 60.30754513325841 1141 UP
2700 565 60.440052945046304 1135 UP
2700 566 59.81638571495272 1129 UP
2710 567 60.0 1123 UP
2710 568 59.405386961116584 1093 UP
2710 569 59.405386961116584 1087 UP
2710 570 58.82176467941097 1081 UP
2720 571 58.82176467941097 1075 UP
2720 572 58.249463516842795 1069 UP
2720 573 58.249463516842795 1063 UP
2720 574 57.688820407423826 1057 LEFT
2730 575 57.688820407423826 1051 LEFT
2730 576 57.14017850864661 1045 LEFT
2730 577 57.14017850864661 1039 LEFT
2730 578 56.60388679233962 1033 LEFT
2740 579 56.60388679233962 1008 LEFT
2740 580 55.758407437802596 1007 LEFT
2740 581 55.47071299343465 1006 LEFT
2740 582 54.644304369257 1005 LEFT
2750 583 54.405882034941776 1004 LEFT
2750 584 53.600373133029585 1003 LEFT
2750 585 53.41348144429457 1002 LEFT
2750 586 52.630789467763066 1001 LEFT
2760 587 52.49761899362675 1000 LEFT
2760 588 51.73973328110612 999 UP
2760 589 51.66236541235796 998 UP
2760 590 50.93132631298737 997 UP
2770 591 50.91168824543142 996 UP
2770 592 50.20956084253277 926 UP
2770 593 48.83646178829912 922 UP
2770 594 48.16637831516918 918 UP
2780 595 46.861498055439924 914 UP
2780 596 46.22769732530488 910 UP
2780 597 45.0 906 UP
2780 598 44.40720662234904 902 UP
2790 599 43.266615305567875 898 UP
2790 600 42.720018726587654 894 UP
2790 601 41.677331968349414 890 UP
2790 602 41.182520563948 886 UP
2800 603 40.24922359499622 859 UP
2800 604 40.24922359499622 859 UP
2800 605 39.81205847478876 859 RIGHT
2800 606 40.718546143004666 860 RIGHT
2800 607 41.23105625617661 861 RIGHT
2800 608 42.15447781671598 862 RIGHT
2810 609 42.720018726587654 863 RIGHT
2810 610 43.657759905886145 864 RIGHT
2810 611 44.27188724235731 865 RIGHT
2810 612 45.221676218380054 866 RIGHT
2820 613 45.880278987817846 867 RIGHT
2820 614 46.84015371452148 868 RIGHT
2820 615 47.53945729601885 869 RIGHT
2820 616 48.507731342539614 870 RIGHT
2830 617 48.507731342539614 871 RIGHT
2830 618 49.47726750741192 872 RIGHT
2830 619 49.47726750741192 873 RIGHT
2830 620 50.44799302251776 874 RIGHT
2840 621 50.44799302251776 875 RIGHT
2840 622 51.419840528729765 876 RIGHT
2840 623 51.419840528729765 877 RIGHT
2840 624 52.392747589718944 878 RIGHT
2850 625 52.392747589718944 879 RIGHT
2850 626 53.36665625650534 880 RIGHT
2850 627 53.36665625650534 881 RIGHT
2850 628 54.3415126767741 882 RIGHT
2850 629 54.3415126767741 883 DOWN
2850 630 54.57105459856901 887 DOWN
2850 631 53.85164807134504 891 DOWN
2850 632 54.120236510939236 895 DOWN
2850 633 53.45091205957107 899 DOWN
2850 634 53.75872022286245 903 DOWN
2850 635 53.14132102234569 907 DOWN
2850 636 53.48831648126533 911 DOWN
2850 637 52.92447448959697 915 LEFT
2850 638 53.31041174104736 919 LEFT
2850 639 52.80151512977634 923 LEFT
2850 640 53.225933528685054 927 LEFT
2850 641 53.225933528685054 1020 LEFT
2850 642 52.32590180780452 1019 LEFT
2850 643 50.99019513592785 1018 LEFT
2850 644 50.08991914547278 1017 LEFT
2860 645 48.75448697299562 1016 LEFT
2860 646 47.853944456021594 1015 LEFT
2860 647 46.51881339845203 1014 LEFT
2860 648 45.617978911828175 1013 LEFT
2870 649 44.28317965096906 1012 LEFT
2870 650 43.382023926967726 1011 LEFT
2870 651 42.04759208325728 1010 LEFT
2870 652 41.14608122288197 1009 LEFT
2870 653 39.81205847478876 1008 LEFT
2870 654 38.91015291668744 1007 LEFT
2870 655 37.57658845611187 1006 LEFT
2870 656 36.6742416417845 1005 LEFT
2870 657 35.34119409414458 1004 LEFT
2870 658 34.438350715445125 1003 LEFT
2870 659 33.1058907144937 1002 LEFT
2870 660 32.202484376209235 1001 LEFT
2870 661 30.870698080866262 1000 LEFT
2870 662 29.966648127543394 999 LEFT
2870 663 28.635642126552707 998 LEFT
2870 664 27.730849247724095 997 LEFT
2870 665 27.730849247724095 996 LEFT
2870 666 26.832815729997478 995 LEFT
2870 667 26.832815729997478 994 LEFT
2870 668 25.942243542145693 993 LEFT
2880 669 25.942243542145693 992 LEFT
2880 670 25.059928172283335 991 LEFT
2880 671 25.059928172283335 990 LEFT
2880 672 24.186773244895647 989 LEFT
2890 673 24.186773244895647 988 DOWN
2890 674 23.323807579381203 987 DOWN
2890 675 23.323807579381203 986 DOWN
2890 676 22.47220505424423 985 DOWN
2900 677 22.47220505424423 984 DOWN
2900 678 23.021728866442675 1032 DOWN
2900 679 24.413111231467404 1038 DOWN
2900 680 25.0 1044 DOWN
2910 681 26.40075756488817 1050 DOWN
2910 682 27.018512172212592 1056 DOWN
2910 683 28.42534080710379 1062 DOWN
2910 684 29.068883707497267 1068 DOWN
2920 685 30.479501308256342 1074 DOWN
2920 686 31.144823004794873 1080 DOWN
2920 687 32.55764119219941 1086 DOWN
2920 688 33.24154027718932 1092 RIGHT
2930 689 34.655446902326915 1110 RIGHT
2930 690 35.38361202590826 1111 RIGHT
2930 691 36.87817782917155 1112 RIGHT
2930 692 37.64306044943742 1113 RIGHT
2940 693 39.20459156782532 1114 RIGHT
2940 694 40.0 1115 RIGHT
2940 695 41.617304093369626 1116 RIGHT
2940 696 42.43819034784589 1117 RIGHT
2950 697 44.10215414239989 1118 RIGHT
2950 698 44.94441010848846 1119 RIGHT
2950 699 46.647615158762406 1120 RIGHT
2950 700 47.50789408087881 1121 RIGHT
2960 701 49.24428900898052 1122 DOWN
2960 702 49.73932046178355 1128 DOWN
2960 703 51.10772935672255 1134 DOWN
2960 704 51.62363799656123 1140 DOWN
2970 705 53.0 1146 DOWN
2970 706 53.53503525729669 1152 DOWN
2970 707 54.91812087098393 1158 DOWN
2970 708 55.47071299343465 1164 DOWN
2980 709 56.859475903318 1170 DOWN
2980 710 57.42821606144492 1176 DOWN
2980 711 58.82176467941097 1182 DOWN
2980 712 59.405386961116584 1188 RIGHT
2990 713 60.802960454241045 1259 RIGHT
2990 714 61.61168720299745 1260 RIGHT
2990 715 63.245553203367585 1261 RIGHT
2990 716 64.07027391856539 1262 RIGHT
3000 717 65.73431371817918 1263 RIGHT
3000 718 66.57326790837296 1264 RIGHT
3000 719 68.26419266350405 1265 RIGHT
3000 720 69.1158447825099 1266 RIGHT
3010 721 70.83078426785913 1267 RIGHT
3010 722 71.69379331573968 1268 RIGHT
3010 723 73.43023900274328 1269 RIGHT
3010 724 75.17978451685 1270 RIGHT
3010 725 76.94153624668537 1271 LEFT
3010 726 76.94153624668537 1270 LEFT
3010 727 76.94153624668537 1269 LEFT
3010 728 76.94153624668537 1268 LEFT
3010 729 76.94153624668537 1267 LEFT
3010 730 76.53757247260981 1266 LEFT
3010 731 76.15773105863909 1265 LEFT
3010 732 75.8023746329889 1264 LEFT
3010 733 75.47184905645283 1263 LEFT
3010 734 75.16648189186454 1262 LEFT
3010 735 74.88658090739622 1261 LEFT
3010 736 74.63243262818116 1260 LEFT
3010 737 74.4043009509531 1259 LEFT
3010 738 74.2024258363566 1258 LEFT
3010 739 74.02702209328699 1257 LEFT
3010 740 73.87827826905551 1256 LEFT
3020 741 73.7563556583431 1255 LEFT
3020 742 73.7563556583431 1254 LEFT
3020 743 73.7563556583431 1253 LEFT
3020 744 73.7563556583431 1252 LEFT
3030 745 73.7563556583431 1251 LEFT
3030 746 73.7563556583431 1250 LEFT
3030 747 73.7563556583431 1249 LEFT
3030 748 73.7563556583431 1248 LEFT
3040 749 73.7563556583431 1247 LEFT
3040 750 73.7563556583431 1246 LEFT
3040 751 73.7563556583431 1245 LEFT
3040 752 73.7563556583431 1244 LEFT
3050 753 73.7563556583431 1243 LEFT
3050 754 71.50524456289902 1242 LEFT
3050 755 71.50524456289902 1241 LEFT
3050 756 71.50524456289902 1240 LEFT
3060 757 71.50524456289902 1239 LEFT
3060 758 71.50524456289902 1238 LEFT
3060 759 71.50524456289902 1237 LEFT
3060 760 71.50524456289902 1236 LEFT
3070 761 71.50524456289902 1235 LEFT
3070 762 71.50524456289902 1234 LEFT
3070 763 71.50524456289902 1233 LEFT
3070 764 71.50524456289902 1232 LEFT
3080 765 71.50524456289902 1231 LEFT
3080 766 71.50524456289902 1230 LEFT
3080 767 71.58910531638176 1229 LEFT
3080 768 71.7007670809734 1228 LEFT
3090 769 71.84010022264724 1227 LEFT
3090 770 72.00694410957877 1226 LEFT
3090 771 72.20110802473879 1225 LEFT
3090 772 72.42237223399962 1224 LEFT
3100 773 72.67048919609665 1223 LEFT
3100 774 72.94518489934754 1222 LEFT
3100 775 73.24616030891995 1221 LEFT
3100 776 73.57309290766564 1220 LEFT
3110 777 73.92563831310488 1219 LEFT
3110 778 74.30343195303969 1218 LEFT
3110 779 74.70609078247904 1217 LEFT
3110 780 75.13321502504735 1216 LEFT
3120 781 75.58438992278762 1215 LEFT
3120 782 76.05918747922567 1214 LEFT
3120 783 76.55716818169282 1213 LEFT
3120 784 77.07788269017254 1212 LEFT
3130 785 77.62087348130012 1211 LEFT
3130 786 78.18567643756751 1210 LEFT
3130 787 78.77182237323191 1209 LEFT
3130 788 79.37883848986453 1208 LEFT
3140 789 80.00624975587844 1207 LEFT
3140 790 80.65358020571685 1206 LEFT
3140 791 80.65358020571685 1205 LEFT
3140 792 80.65358020571685 1204 LEFT
3150 793 80.65358020571685 1203 LEFT
3150 794 80.65358020571685 1202 LEFT
3150 795 80.65358020571685 1201 LEFT
3150 796 80.65358020571685 1200 LEFT
3160 797 80.65358020571685 1199 LEFT
3160 798 80.65358020571685 1198 LEFT
3160 799 80.65358020571685 1197 LEFT
3160 800 80.65358020571685 1196 LEFT
3170 801 80.65358020571685 1195 LEFT
3170 802 80.65358020571685 1194 LEFT
3170 803 81.32035415564789 1193 LEFT
3170 804 82.00609733428362 1192 UP
3180 805 82.71033792700887 1191 UP
3180 806 82.22530024268686 1185 UP
3180 807 81.78630692236935 1179 UP
3180 808 81.39410298049853 1173 UP
3190 809 81.04936767180853 1167 UP
3190 810 80.75270893288967 1161 UP
3190 811 80.50465825031493 1155 UP
3190 812 80.30566605165541 1149 UP
3240 813 80.30566605165541 1143 UP
3240 814 80.30566605165541 1137 UP
3240 815 80.22468448052632 1131 UP
3240 816 80.22468448052632 1125 UP
3250 817 80.15609770940699 1095 UP
3250 818 80.15609770940699 1089 UP
3250 819 80.09993757800315 1083 UP
3250 820 80.09993757800315 1077 UP
3260 821 80.05623023850174 1071 UP
3260 822 80.05623023850174 1065 UP
3260 823 80.02499609497022 1059 UP
3260 824 80.02499609497022 1053 UP
3270 825 80.00624975587844 1047 UP
3270 826 80.00624975587844 1041 UP
3270 827 80.0 1035 UP
3270 828 80.0 1029 UP
3280 829 80.00624975587844 928 UP
3280 830 80.0 928 RIGHT
3280 831 79.0 929 RIGHT
3280 832 79.0 930 RIGHT
3280 833 78.0 931 RIGHT
3290 834 78.0 932 RIGHT
3290 835 77.0 933 RIGHT
3290 836 77.0 934 RIGHT
3290 837 76.0 935 RIGHT
3290 838 76.0 936 RIGHT
3290 839 75.0 937 RIGHT
3290 840 75.0 938 RIGHT
3290 841 74.0 939 RIGHT
3290 842 74.0 940 RIGHT
3290 843 73.0 941 RIGHT
3290 844 73.0 942 RIGHT
3290 845 72.0 943 DOWN
3290 846 72.0 944 DOWN
3290 847 71.0 945 DOWN
3290 848 71.0 946 DOWN
3290 849 70.0 947 DOWN
3290 850 70.0 948 DOWN
3290 851 70.00714249274856 1030 DOWN
3290 852 71.02816342831905 1036 DOWN
3290 853 71.06335201775947 1042 DOWN
3300 854 72.11102550927978 1048 DOWN
3300 855 72.17340230306452 1054 DOWN
3300 856 72.3394774656273 1060 DOWN
3300 857 72.44308110509934 1066 DOWN
3310 858 72.69112738154499 1072 DOWN
3310 859 72.83543093852057 1078 DOWN
3310 860 73.16419889536138 1084 DOWN
3310 861 73.348483283569 1090 DOWN
3320 862 73.7563556583431 1096 DOWN
3320 863 73.97972695272672 1126 DOWN
3320 864 74.46475676452586 1132 DOWN
3320 865 74.72616676907762 1138 DOWN
3330 866 75.28612089887484 1144 DOWN
3330 867 75.58438992278762 1150 DOWN
3330 868 76.21679604916491 1156 DOWN
3330 869 76.55063683601855 1162 DOWN
3340 870 77.25283166331187 1168 DOWN
3340 871 77.62087348130012 1174 RIGHT
3340 872 78.39005038906404 1180 RIGHT
3340 873 78.79086241436883 1186 RIGHT
3340 874 79.62411694957753 1211 RIGHT
3340 875 78.7210264160726 1212 RIGHT
3340 876 78.26237921249263 1213 RIGHT
3340 877 77.3692445355388 1214 RIGHT
3340 878 76.94153624668537 1215 RIGHT
3340 879 76.05918747922567 1216 RIGHT
3340 880 74.30343195303969 1217 RIGHT
3340 881 73.43023900274328 1218 RIGHT
3340 882 71.69379331573968 1219 RIGHT
3340 883 70.83078426785913 1220 RIGHT
3340 884 69.1158447825099 1221 UP
3340 885 68.26419266350405 1222 UP
3340 886 66.57326790837296 1223 UP
3340 887 66.03786792439622 1187 UP
3340 888 64.66065264130884 1181 UP
3340 889 64.1404708432983 1175 UP
3350 890 62.76941930590086 1169 UP
3350 891 62.26556030423239 1163 UP
3350 892 60.90155991434045 1157 UP
3350 893 60.41522986797286 1151 UP
3360 894 59.0592922409336 1145 UP
3360 895 58.59180830116101 1139 UP
3360 896 57.245087125446844 1133 UP
3360 897 56.79788728465171 1127 UP
3370 898 55.46169849544819 1097 RIGHT
3370 899 54.56189146281496 1098 RIGHT
3370 900 52.773099207835045 1099 RIGHT
3370 901 51.884487084291386 1100 RIGHT
3380 902 50.11985634456667 1101 RIGHT
3380 903 49.24428900898052 1102 RIGHT
3380 904 47.50789408087881 1103 RIGHT
3380 905 46.647615158762406 1104 RIGHT
3390 906 44.94441010848846 1105 RIGHT
3390 907 44.10215414239989 1106 RIGHT
3390 908 42.43819034784589 1107 RIGHT
3390 909 41.617304093369626 1108 RIGHT
3400 910 40.0 1109 RIGHT
3400 911 40.0 1109 UP
3400 912 38.600518131237564 1091 UP
3400 913 38.01315561749642 1085 UP
3400 914 36.61966684720111 1079 UP
3410 915 36.05551275463989 1073 UP
3410 916 34.66987164671943 1067 UP
3410 917 34.132096331752024 1061 UP
3410 918 32.7566787083184 1055 UP
3420 919 32.2490309931942 1049 UP
3420 920 30.886890422961002 1043 UP
3420 921 30.4138126514911 1037 UP
3420 922 29.068883707497267 1031 UP
3420 923 28.635642126552707 972 UP
3420 924 27.730849247724095 972 LEFT
3420 925 28.635642126552707 971 LEFT
3420 926 28.635642126552707 970 LEFT
3420 927 29.546573405388315 969 LEFT
3420 928 29.546573405388315 968 LEFT
3420 929 30.463092423455635 967 LEFT
3420 930 30.463092423455635 966 LEFT
3420 931 31.38470965295043 965 LEFT
3420 932 31.38470965295043 964 LEFT
3420 933 32.31098884280702 963 LEFT
3420 934 32.31098884280702 962 LEFT
3420 935 33.24154027718932 961 LEFT
3420 936 33.24154027718932 960 UP
3420 937 32.89376840679705 925 UP
3420 938 31.622776601683793 921 UP
3420 939 31.32091952673165 917 UP
3430 940 30.083217912982647 913 UP
3430 941 29.832867780352597 909 UP
3430 942 28.635642126552707 905 UP
3430 943 28.442925306655784 901 UP
3440 944 27.294688127912362 897 UP
3440 945 27.16615541441225 893 UP
3440 946 26.076809620810597 889 UP
3440 947 26.019223662515376 885 UP
3450 948 25.0 834 UP
3450 949 25.0 834 UP
3450 950 24.0 834 LEFT
3450 951 25.0 833 LEFT
3450 952 26.019223662515376 832 LEFT
3450 953 27.018512172212592 831 LEFT
3460 954 28.071337695236398 830 LEFT
3460 955 29.068883707497267 829 LEFT
3460 956 30.14962686336267 828 LEFT
3460 957 31.144823004794873 827 LEFT
3470 958 32.2490309931942 826 LEFT
3470 959 33.24154027718932 825 LEFT
3470 960 34.36568055487916 824 LEFT
3470 961 35.35533905932738 823 LEFT
3480 962 36.49657518178932 822 LEFT
3480 963 37.48332962798263 821 LEFT
3480 964 38.63935817272331 820 LEFT
3480 965 39.6232255123179 819 LEFT
3490 966 40.792156108742276 818 LEFT
3490 967 41.773197148410844 817 LEFT
3490 968 42.95346318982906 816 LEFT
3490 969 43.93176527297759 815 LEFT
3500 970 45.12205669071391 814 LEFT
3500 971 46.09772228646444 813 LEFT
3500 972 47.29693436154187 812 UP
3500 973 48.27007354458868 811 UP
3500 974 49.47726750741192 810 UP
3500 975 49.24428900898052 806 UP
3500 976 50.00999900019995 802 UP
3500 977 49.8196748283246 798 UP
3500 978 50.635955604688654 794 UP
3500 979 50.48762224545735 790 UP
3500 980 51.35172830587107 786 UP
3500 981 51.24451190127583 782 UP
3500 982 52.15361924162119 778 UP
3500 983 52.08646657242167 774 UP
3500 984 53.03772242470448 770 UP
3500 985 53.009433122794285 766 RIGHT
3500 986 54.0 691 RIGHT
3500 987 53.0 692 RIGHT
3500 988 53.0 693 RIGHT
3500 989 52.0 694 RIGHT
3500 990 52.0 695 RIGHT
3500 991 51.0 696 RIGHT
3500 992 51.0 697 RIGHT
3500 993 50.0 698 RIGHT
3500 994 50.0 699 RIGHT
3500 995 49.0 700 RIGHT
3500 996 49.0 701 UP
3500 997 48.0 702 UP
3500 998 48.0 703 UP
3500 999 48.010415536631214 674 UP
3500 1000 48.010415536631214 668 UP
3500 1001 48.041648597857254 662 UP
3500 1002 48.041648597857254 656 UP
3500 1003 48.093658625644196 650 UP
3500 1004 48.093658625644196 644 UP
3500 1005 48.16637831516918 638 UP
3500 1006 48.16637831516918 632 UP
3500 1007 48.25971404805462 626 UP
3500 1008 48.25971404805462 620 UP
3500 1009 48.373546489791295 614 UP
3500 1010 48.373546489791295 586 UP
3500 1011 48.373546489791295 586 RIGHT
3500 1012 47.265209192385896 587 RIGHT
3500 1013 46.17358552246078 588 RIGHT
3500 1014 45.09988913511872 589 RIGHT
3500 1015 44.04543109109048 590 RIGHT
3500 1016 43.01162633521314 591 RIGHT
3500 1017 42.0 592 RIGHT
3500 1018 41.012193308819754 593 RIGHT
3500 1019 40.049968789001575 594 RIGHT
3500 1020 39.11521443121589 595 RIGHT
3500 1021 38.2099463490856 596 RIGHT
3500 1022 37.33630940518894 597 UP
3500 1023 36.49657518178932 598 UP
3500 1024 36.49657518178932 582 UP
3500 1025 36.49657518178932 578 UP
3500 1026 36.49657518178932 574 UP
3500 1027 36.49657518178932 570 UP
3500 1028 36.49657518178932 566 UP
3500 1029 36.49657518178932 562 UP
3500 1030 35.35533905932738 558 UP
3500 1031 34.23448553724738 554 UP
3500 1032 33.13608305156178 550 UP
3500 1033 32.0624390837628 546 UP
3500 1034 31.016124838541646 542 UP
3500 1035 30.0 480 UP
3500 1036 29.017236257093817 453 UP
3500 1037 28.071337695236398 449 UP
3500 1038 27.16615541441225 445 UP
3500 1039 26.30589287593181 441 UP
3500 1040 25.495097567963924 437 UP
3500 1041 24.73863375370596 433 UP
3500 1042 24.041630560342615 429 UP
3500 1043 23.40939982143925 425 UP
3500 1044 22.847319317591726 421 UP
3500 1045 22.360679774997898 417 UP
3500 1046 21.95449840010015 413 UP
3500 1047 21.633307652783937 361 UP
3500 1048 20.808652046684813 361 UP
3500 1049 20.0 361 UP
3500 1050 19.209372712298546 361 UP
3500 1051 18.439088914585774 361 LEFT
3500 1052 18.439088914585774 360 LEFT
3500 1053 18.439088914585774 359 LEFT
3500 1054 18.439088914585774 358 LEFT
3510 1055 18.439088914585774 357 LEFT
3510 1056 18.439088914585774 356 LEFT
3510 1057 18.439088914585774 355 LEFT
3510 1058 18.439088914585774 354 LEFT
3520 1059 18.439088914585774 353 LEFT
3520 1060 18.439088914585774 352 LEFT
3520 1061 18.439088914585774 351 LEFT
3520 1062 18.439088914585774 350 LEFT
3530 1063 18.439088914585774 349 LEFT
3530 1064 17.69180601295413 349 LEFT
3530 1065 16.97056274847714 349 UP
3530 1066 16.97056274847714 331 UP
3530 1067 16.97056274847714 325 UP
3530 1068 16.97056274847714 319 UP
3540 1069 16.97056274847714 313 UP
3540 1070 16.97056274847714 307 UP
3540 1071 16.97056274847714 301 UP
3540 1072 16.97056274847714 295 UP
3550 1073 16.97056274847714 289 UP
3550 1074 16.97056274847714 283 UP
3550 1075 16.97056274847714 277 UP
3550 1076 16.97056274847714 271 RIGHT
3560 1077 16.97056274847714 265 RIGHT
3560 1078 17.029386365926403 259 RIGHT
3560 1079 17.204650534085253 253 RIGHT
3560 1080 17.4928556845359 247 RIGHT
3560 1081 17.88854381999832 165 RIGHT
3560 1082 17.08800749063506 166 RIGHT
3560 1083 16.492422502470642 167 RIGHT
3560 1084 16.1245154965971 168 RIGHT
3570 1085 16.0 169 RIGHT
3570 1086 16.1245154965971 170 RIGHT
3570 1087 16.492422502470642 171 RIGHT
3570 1088 17.08800749063506 172 RIGHT
3580 1089 17.88854381999832 173 RIGHT
3580 1090 17.4928556845359 174 RIGHT
3580 1091 17.204650534085253 175 RIGHT
3580 1092 17.029386365926403 176 RIGHT
3590 1093 16.97056274847714 177 RIGHT
3590 1094 17.029386365926403 178 RIGHT
3590 1095 17.204650534085253 179 RIGHT
3590 1096 17.4928556845359 180 RIGHT
3600 1097 17.88854381999832 181 RIGHT
3600 1098 18.384776310850235 182 RIGHT
3600 1099 18.973665961010276 183 RIGHT
3600 1100 19.6468827043885 184 RIGHT
3610 1101 20.396078054371138 185 RIGHT
3610 1102 21.213203435596427 186 RIGHT
3610 1103 22.090722034374522 187 RIGHT
3610 1104 23.021728866442675 188 RIGHT
3610 1105 24.0 189 RIGHT
3610 1106 24.0 190 RIGHT
3610 1107 24.0 191 RIGHT
3610 1108 24.0 192 RIGHT
3610 1109 24.0 193 RIGHT
3610 1110 24.0 194 RIGHT
3610 1111 24.0 195 RIGHT
3610 1112 24.0 196 RIGHT
3610 1113 24.0 197 RIGHT
3610 1114 24.0 198 RIGHT
3610 1115 24.0 199 RIGHT
3610 1116 24.0 200 RIGHT
3610 1117 24.0 201 RIGHT
3610 1118 24.0 202 RIGHT
3610 1119 24.0 203 RIGHT
3610 1120 24.0 204 RIGHT
3620 1121 24.0 205 RIGHT
3620 1122 24.0 206 RIGHT
3620 1123 24.0 207 RIGHT
3620 1124 24.0 208 RIGHT
3630 1125 24.0 209 RIGHT
3630 1126 24.0 210 RIGHT
3630 1127 24.0 211 RIGHT
3630 1128 24.0 212 RIGHT
3640 1129 24.0 213 LEFT
3640 1130 22.0 212 LEFT
3640 1131 20.0 211 LEFT
3640 1132 18.0 210 LEFT
3640 1133 36.22154055254967 978 LEFT
3640 1134 36.124783736376884 977 LEFT
3640 1135 36.05551275463989 976 LEFT
3640 1136 36.013886210738214 975 LEFT
3640 1137 36.0 974 LEFT
3640 1138 36.013886210738214 973 LEFT
3640 1139 36.05551275463989 972 LEFT
3640 1140 36.124783736376884 971 LEFT
3640 1141 36.22154055254967 970 LEFT
3640 1142 36.345563690772494 969 LEFT
3640 1143 36.49657518178932 968 LEFT
3640 1144 36.6742416417845 967 LEFT
3640 1145 36.87817782917155 966 LEFT
3640 1146 37.107950630558946 965 LEFT
3640 1147 37.36308338453881 964 LEFT
3640 1148 37.64306044943742 963 LEFT
3640 1149 37.94733192202055 962 LEFT
3640 1150 38.27531841800928 961 LEFT
3640 1151 38.62641583165593 960 LEFT
3640 1152 39.0 959 LEFT
3640 1153 39.395431207184416 958 LEFT
3640 1154 39.81205847478876 957 LEFT
3640 1155 40.24922359499622 956 LEFT
3640 1156 40.70626487409524 955 LEFT
3640 1157 41.182520563948 954 LEFT
3640 1158 41.677331968349414 953 LEFT
3640 1159 42.190046219457976 952 LEFT
3640 1160 42.720018726587654 951 LEFT
3640 1161 43.266615305567875 950 LEFT
3640 1162 43.829214001622255 949 LEFT
3640 1163 44.40720662234904 948 LEFT
3640 1164 45.0 947 LEFT
3640 1165 45.60701700396552 946 LEFT
3640 1166 46.22769732530488 945 LEFT
3640 1167 46.861498055439924 944 LEFT
3640 1168 47.50789408087881 943 LEFT
3640 1169 48.16637831516918 942 LEFT
3640 1170 48.83646178829912 941 LEFT
3640 1171 49.51767361255979 940 LEFT
3640 1172 61.84658438426491 939 LEFT
3640 1173 61.84658438426491 938 LEFT
3640 1174 61.84658438426491 937 LEFT
3640 1175 61.84658438426491 936 LEFT
3640 1176 61.84658438426491 935 LEFT
3640 1177 61.84658438426491 934 LEFT
3640 1178 61.84658438426491 933 LEFT
3640 1179 61.84658438426491 932 LEFT
3640 1180 61.84658438426491 931 LEFT
3640 1181 61.84658438426491 930 LEFT
3640 1182 61.84658438426491 929 LEFT
3640 1183 61.84658438426491 928 LEFT
3640 1184 61.220911460055866 928 LEFT
3640 1185 60.60528029800704 928 LEFT
3640 1186 60.0 928 LEFT
3640 1187 59.405386961116584 928 LEFT
3640 1188 58.82176467941097 928 LEFT
3640 1189 58.249463516842795 928 LEFT
3640 1190 57.688820407423826 928 LEFT
3640 1191 56.859475903318 928 LEFT
0 0 36.22154055254967 978 NEUTRAL
0 1 36.124783736376884 977 NEUTRAL
0 2 36.05551275463989 976 NEUTRAL
0 3 36.013886210738214 975 NEUTRAL
0 4 36.0 974 NEUTRAL
0 5 36.013886210738214 973 NEUTRAL
10 6 36.05551275463989 972 NEUTRAL
10 7 36.124783736376884 971 NEUTRAL
10 8 36.22154055254967 970 NEUTRAL
10 9 36.345563690772494 969 NEUTRAL
20 10 36.49657518178932 968 NEUTRAL
20 11 36.6742416417845 967 NEUTRAL
20 12 36.87817782917155 966 NEUTRAL
20 13 37.107950630558946 965 NEUTRAL
30 14 37.36308338453881 964 NEUTRAL
30 15 37.64306044943742 963 UP
30 16 37.94733192202055 962 UP
30 17 38.27531841800928 961 UP
40 18 38.62641583165593 960 UP
40 19 37.69615364994153 925 UP
40 20 36.76955262170047 921 UP
40 21 35.84689665786984 917 UP
50 22 34.92849839314596 913 UP
50 23 34.0147027033899 909 UP
50 24 33.1058907144937 905 UP
50 25 32.202484376209235 901 UP
60 26 31.304951684997057 897 UP
60 27 30.4138126514911 893 UP
60 28 29.5296461204668 889 UP
60 29 28.653097563788805 885 UP
70 30 27.784887978899608 834 LEFT
70 31 28.30194339616981 833 LEFT
70 32 28.844410203711913 832 LEFT
70 33 29.410882339705484 831 LEFT
80 34 30.0 830 LEFT
80 35 30.610455730027933 829 LEFT
80 36 31.240998703626616 828 LEFT
80 37 31.89043743820395 827 LEFT
90 38 32.55764119219941 826 LEFT
90 39 33.24154027718932 825 LEFT
90 40 45.60701700396552 824 LEFT
90 41 45.60701700396552 823 LEFT
100 42 45.60701700396552 822 LEFT
100 43 45.60701700396552 821 LEFT
100 44 45.60701700396552 820 LEFT
100 45 45.60701700396552 819 LEFT
110 46 45.60701700396552 818 LEFT
110 47 45.60701700396552 817 LEFT
110 48 45.60701700396552 816 LEFT
110 49 45.60701700396552 815 LEFT
120 50 45.60701700396552 814 LEFT
120 51 45.60701700396552 813 LEFT
120 52 45.60701700396552 812 UP
120 53 45.60701700396552 811 UP
130 54 45.60701700396552 810 UP
130 55 44.204072210600685 806 UP
130 56 42.80186911806539 802 UP
130 57 41.400483088968905 798 UP
140 58 40.0 794 UP
140 59 38.41874542459709 790 UP
140 60 36.87817782917155 786 UP
140 61 35.38361202590826 782 UP
150 62 33.94112549695428 778 UP
150 63 32.55764119219941 774 UP
150 64 31.240998703626616 770 UP
150 65 30.0 766 UP
160 66 28.844410203711913 691 UP
160 67 27.784887978899608 673 UP
160 68 26.832815729997478 667 UP
160 69 26.0 661 UP
170 70 25.298221281347036 655 UP
170 71 24.041630560342615 649 UP
170 72 22.80350850198276 643 UP
170 73 21.587033144922902 637 UP
180 74 20.396078054371138 631 UP
180 75 19.235384061671343 625 UP
180 76 18.110770276274835 619 UP
180 77 17.029386365926403 613 UP
190 78 16.0 585 UP
190 79 15.033296378372908 581 UP
190 80 14.142135623730951 577 UP
190 81 13.341664064126334 573 UP
200 82 12.649110640673518 569 UP
200 83 13.416407864998739 565 UP
200 84 14.422205101855956 561 UP
200 85 15.620499351813308 557 UP
210 86 16.97056274847714 553 UP
210 87 18.439088914585774 549 UP
210 88 20.0 545 UP
210 89 21.633307652783937 541 UP
220 90 23.323807579381203 456 RIGHT
220 91 23.706539182259394 457 RIGHT
220 92 24.166091947189145 458 RIGHT
220 93 24.698178070456937 459 RIGHT
220 94 25.298221281347036 460 RIGHT
220 95 36.22154055254967 978 RIGHT
220 96 36.345563690772494 979 RIGHT
220 97 36.49657518178932 980 RIGHT
220 98 36.6742416417845 981 RIGHT
220 99 36.87817782917155 982 RIGHT
220 100 37.107950630558946 983 RIGHT
230 101 37.36308338453881 984 RIGHT
230 102 37.64306044943742 985 RIGHT
230 103 37.94733192202055 986 RIGHT
230 104 38.27531841800928 987 RIGHT
240 105 38.62641583165593 988 RIGHT
240 106 39.0 989 RIGHT
240 107 39.395431207184416 990 RIGHT
240 108 39.81205847478876 991 RIGHT
250 109 40.24922359499622 992 RIGHT
250 110 40.70626487409524 993 RIGHT
250 111 41.182520563948 994 RIGHT
250 112 41.677331968349414 995 RIGHT
260 113 42.190046219457976 996 RIGHT
260 114 42.720018726587654 997 RIGHT
260 115 43.266615305567875 998 RIGHT
260 116 43.829214001622255 999 RIGHT
270 117 44.40720662234904 1000 RIGHT
270 118 45.0 1001 RIGHT
270 119 45.60701700396552 1002 RIGHT
270 120 46.22769732530488 1003 RIGHT
280 121 46.861498055439924 1004 RIGHT
280 122 47.50789408087881 1005 RIGHT
280 123 48.16637831516918 1006 RIGHT
280 124 48.83646178829912 1007 RIGHT
290 125 49.51767361255979 1008 RIGHT
290 126 50.20956084253277 1009 RIGHT
290 127 50.91168824543142 1010 RIGHT
290 128 51.62363799656123 1011 RIGHT
300 129 52.3450093132096 1012 RIGHT
300 130 53.075418038862395 1013 RIGHT
300 131 53.81449618829484 1014 RIGHT
300 132 54.56189146281496 1015 RIGHT
310 133 55.31726674375732 1016 RIGHT
310 134 61.84658438426491 1017 RIGHT
310 135 61.84658438426491 1018 RIGHT
310 136 61.84658438426491 1019 RIGHT
320 137 61.84658438426491 1020 RIGHT
320 138 61.84658438426491 1021 RIGHT
320 139 61.84658438426491 1022 RIGHT
320 140 61.84658438426491 1023 RIGHT
330 141 61.84658438426491 1024 RIGHT
330 142 61.84658438426491 1025 RIGHT
330 143 61.84658438426491 1026 RIGHT
330 144 61.84658438426491 1027 RIGHT
340 145 61.84658438426491 1028 RIGHT
340 146 61.220911460055866 1028 DOWN
340 147 61.40032573203501 1034 DOWN
340 148 61.61168720299745 1040 DOWN
340 149 61.85466837676846 1046 DOWN
350 150 62.12889826803627 1052 DOWN
350 151 62.433965115151864 1058 DOWN
350 152 62.76941930590086 1064 DOWN
350 153 64.4980619863884 1070 DOWN
360 154 66.24198064671678 1076 DOWN
360 155 68.0 1082 DOWN
360 156 69.77105417004964 1088 DOWN
360 157 71.55417527999327 1094 DOWN
370 158 73.348483283569 1124 DOWN
370 159 75.15317691222374 1130 DOWN
370 160 76.96752561957543 1136 DOWN
370 161 78.79086241436883 1142 DOWN
420 162 78.79086241436883 1148 DOWN
420 163 78.79086241436883 1154 DOWN
420 164 79.7057087039567 1160 DOWN
420 165 79.7057087039567 1166 DOWN
430 166 80.62257748298549 1172 DOWN
430 167 80.62257748298549 1178 DOWN
430 168 81.54140052758476 1184 DOWN
430 169 81.54140052758476 1190 LEFT
440 170 82.46211251235322 1291 LEFT
440 171 81.15417426109393 1290 LEFT
440 172 80.77747210701756 1289 LEFT
440 173 79.47955712005447 1288 LEFT
450 174 79.12016177940993 1287 LEFT
450 175 77.83315488916018 1286 LEFT
450 176 77.4919350642375 1285 LEFT
450 177 76.21679604916491 1284 LEFT
460 178 75.8946638440411 1283 LEFT
460 179 75.8946638440411 1282 LEFT
460 180 75.58438992278762 1281 LEFT
460 181 75.58438992278762 1280 LEFT
470 182 75.28612089887484 1279 LEFT
470 183 75.28612089887484 1278 LEFT
470 184 75.0 1277 LEFT
470 185 75.0 1276 LEFT
480 186 74.72616676907762 1275 LEFT
480 187 74.72616676907762 1274 UP
480 188 74.46475676452586 1273 UP
480 189 74.46475676452586 1272 UP
490 190 74.21590126111789 1271 UP
490 191 73.49829930005184 1189 UP
490 192 72.53275122315436 1183 UP
490 193 71.84010022264724 1177 UP
500 194 70.8801805866774 1171 UP
500 195 70.21395872616783 1165 UP
500 196 69.26037828369117 1159 UP
500 197 68.62215385719105 1153 UP
510 198 67.67569726275453 1147 UP
510 199 67.06713054842886 1141 UP
510 200 66.12866246946176 1135 UP
510 201 65.55150646628954 1129 UP
520 202 64.62197768561404 1123 UP
520 203 64.07807737440318 1093 UP
520 204 63.15853069855251 1087 UP
520 205 62.64982043070834 1081 UP
530 206 61.741396161732524 1075 UP
530 207 61.26989472816156 1069 UP
530 208 60.37383539249432 1063 UP
530 209 59.941638282582836 1057 UP
540 210 59.0592922409336 1051 UP
540 211 58.66856057549052 1045 UP
540 212 57.8013840664737 1039 UP
540 213 57.4543296888929 1033 UP
540 214 56.60388679233962 1008 UP
540 215 57.14017850864661 1008 UP
540 216 57.14017850864661 1008 UP
540 217 57.688820407423826 1008 UP
540 218 57.688820407423826 1008 UP
540 219 58.249463516842795 1008 UP
540 220 58.249463516842795 1008 UP
540 221 58.82176467941097 1008 UP
540 222 58.82176467941097 1008 UP
540 223 59.405386961116584 1008 UP
540 224 59.405386961116584 1008 UP
540 225 60.0 1008 UP
540 226 60.0 1008 UP
540 227 60.60528029800704 1008 UP
540 228 60.60528029800704 1008 UP
540 229 61.220911460055866 1008 UP
540 230 61.220911460055866 1008 UP
540 231 61.84658438426491 1008 UP
540 232 61.84658438426491 1008 UP
540 233 62.48199740725323 1008 UP
540 234 62.48199740725323 1008 UP
540 235 63.12685640834652 1008 UP
540 236 63.12685640834652 1008 UP
540 237 63.7808748764079 1008 UP
