0 0 36.22154055254967 978 NEUTRAL
0 1 36.124783736376884 977 NEUTRAL
0 2 36.05551275463989 976 NEUTRAL
0 3 36.013886210738214 975 NEUTRAL
0 4 36.0 974 NEUTRAL
0 5 36.013886210738214 973 NEUTRAL
10 6 36.05551275463989 972 NEUTRAL
10 7 36.124783736376884 971 NEUTRAL
10 8 36.22154055254967 970 NEUTRAL
10 9 36.345563690772494 969 NEUTRAL
20 10 36.49657518178932 968 NEUTRAL
20 11 36.6742416417845 967 NEUTRAL
20 12 36.87817782917155 966 NEUTRAL
20 13 37.107950630558946 965 NEUTRAL
30 14 37.36308338453881 964 NEUTRAL
30 15 37.64306044943742 963 NEUTRAL
30 16 37.94733192202055 962 NEUTRAL
30 17 38.27531841800928 961 NEUTRAL
40 18 38.62641583165593 960 UP
40 19 37.69615364994153 925 UP
40 20 36.76955262170047 921 UP
40 21 35.84689665786984 917 UP
50 22 34.92849839314596 913 UP
50 23 34.0147027033899 909 UP
50 24 33.1058907144937 905 UP
50 25 32.202484376209235 901 UP
60 26 31.304951684997057 897 UP
60 27 30.4138126514911 893 UP
60 28 29.5296461204668 889 LEFT
60 29 28.653097563788805 885 LEFT
70 30 27.784887978899608 834 LEFT
70 31 28.30194339616981 833 LEFT
70 32 28.844410203711913 832 LEFT
70 33 29.410882339705484 831 LEFT
80 34 30.0 830 LEFT
80 35 30.610455730027933 829 LEFT
80 36 31.240998703626616 828 LEFT
80 37 31.89043743820395 827 LEFT
90 38 32.55764119219941 826 LEFT
90 39 33.24154027718932 825 LEFT
90 40 45.60701700396552 824 LEFT
90 41 45.60701700396552 823 LEFT
100 42 45.60701700396552 822 LEFT
100 43 45.60701700396552 821 LEFT
100 44 45.60701700396552 820 LEFT
100 45 45.60701700396552 819 LEFT
110 46 45.60701700396552 818 LEFT
110 47 45.60701700396552 817 LEFT
110 48 45.60701700396552 816 LEFT
110 49 45.60701700396552 815 LEFT
120 50 45.60701700396552 814 UP
120 51 45.60701700396552 813 UP
120 52 45.60701700396552 812 UP
120 53 45.60701700396552 811 UP
130 54 45.60701700396552 810 UP
130 55 44.204072210600685 806 UP
130 56 42.80186911806539 802 UP
130 57 41.400483088968905 798 UP
140 58 40.0 794 UP
140 59 38.41874542459709 790 UP
140 60 36.87817782917155 786 UP
140 61 35.38361202590826 782 UP
150 62 33.94112549695428 778 UP
150 63 32.55764119219941 774 UP
150 64 31.240998703626616 770 UP
150 65 30.0 766 UP
160 66 28.844410203711913 691 UP
160 67 27.784887978899608 673 UP
160 68 26.832815729997478 667 UP
160 69 26.0 661 UP
170 70 25.298221281347036 655 UP
170 71 24.041630560342615 649 UP
170 72 22.80350850198276 643 UP
170 73 21.587033144922902 637 UP
180 74 20.396078054371138 631 UP
180 75 19.235384061671343 625 UP
180 76 18.110770276274835 619 UP
180 77 17.029386365926403 613 UP
190 78 16.0 585 UP
190 79 15.033296378372908 581 UP
190 80 14.142135623730951 577 UP
190 81 13.341664064126334 573 UP
200 82 12.649110640673518 569 UP
200 83 13.416407864998739 565 UP
200 84 14.422205101855956 561 UP
200 85 15.620499351813308 557 UP
210 86 16.97056274847714 553 UP
210 87 18.439088914585774 549 UP
210 88 20.0 545 UP
210 89 21.633307652783937 541 UP
220 90 23.323807579381203 456 UP
220 91 25.059928172283335 452 UP
220 92 26.832815729997478 448 UP
220 93 28.635642126552707 444 UP
230 94 30.463092423455635 440 UP
230 95 31.016124838541646 436 UP
230 96 31.622776601683793 432 UP
230 97 32.28002478313795 428 UP
240 98 32.984845004941285 424 UP
240 99 33.734255586866 420 UP
240 100 34.52535300326414 416 UP
240 101 35.35533905932738 412 UP
250 102 36.22154055254967 348 UP
250 103 37.12142238654117 330 UP
250 104 38.05259518088089 324 UP
250 105 39.01281840626232 318 UP
260 106 40.0 312 UP
260 107 40.0 306 UP
260 108 40.0 300 UP
260 109 40.0 294 UP
270 110 40.0 288 UP
270 111 40.0 282 UP
270 112 40.0 276 UP
270 113 40.0 270 UP
280 114 40.0 264 RIGHT
280 115 40.0 258 RIGHT
280 116 40.0 252 RIGHT
280 117 40.0 246 RIGHT
290 118 40.0 153 RIGHT
290 119 39.01281840626232 154 RIGHT
290 120 38.05259518088089 155 RIGHT
290 121 37.12142238654117 156 RIGHT
300 122 36.22154055254967 157 RIGHT
300 123 35.35533905932738 158 RIGHT
300 124 34.52535300326414 159 RIGHT
300 125 33.734255586866 160 RIGHT
310 126 32.984845004941285 161 RIGHT
310 127 32.28002478313795 162 RIGHT
310 128 31.622776601683793 163 RIGHT
310 129 31.016124838541646 164 RIGHT
320 130 30.463092423455635 165 RIGHT
320 131 30.463092423455635 166 RIGHT
320 132 30.463092423455635 167 RIGHT
320 133 30.463092423455635 168 RIGHT
330 134 30.463092423455635 169 RIGHT
330 135 30.463092423455635 170 RIGHT
330 136 30.463092423455635 171 RIGHT
330 137 30.463092423455635 172 RIGHT
340 138 30.463092423455635 173 RIGHT
340 139 30.463092423455635 174 RIGHT
340 140 30.463092423455635 175 RIGHT
340 141 30.463092423455635 176 RIGHT
350 142 30.463092423455635 177 RIGHT
350 143 30.463092423455635 178 RIGHT
350 144 30.463092423455635 179 RIGHT
350 145 30.463092423455635 180 RIGHT
360 146 30.463092423455635 181 RIGHT
360 147 30.463092423455635 182 RIGHT
360 148 30.463092423455635 183 RIGHT
360 149 30.463092423455635 184 RIGHT
370 150 30.463092423455635 185 RIGHT
370 151 30.463092423455635 186 RIGHT
370 152 30.463092423455635 187 RIGHT
370 153 30.463092423455635 188 RIGHT
380 154 30.463092423455635 189 RIGHT
380 155 29.966648127543394 190 RIGHT
380 156 29.5296461204668 191 RIGHT
380 157 29.154759474226502 192 RIGHT
390 158 28.844410203711913 193 RIGHT
390 159 28.600699292150182 194 RIGHT
390 160 28.42534080710379 195 RIGHT
390 161 28.319604517012593 196 RIGHT
400 162 28.284271247461902 197 RIGHT
400 163 28.319604517012593 198 RIGHT
400 164 28.42534080710379 199 RIGHT
400 165 28.600699292150182 200 RIGHT
410 166 28.844410203711913 201 RIGHT
410 167 28.844410203711913 202 RIGHT
410 168 28.844410203711913 203 RIGHT
410 169 28.844410203711913 204 RIGHT
420 170 28.844410203711913 205 RIGHT
420 171 28.844410203711913 206 RIGHT
420 172 28.844410203711913 207 RIGHT
420 173 28.844410203711913 208 RIGHT
430 174 28.844410203711913 209 RIGHT
430 175 28.844410203711913 210 RIGHT
430 176 28.844410203711913 211 RIGHT
430 177 28.844410203711913 212 RIGHT
440 178 28.844410203711913 213 RIGHT
440 179 29.154759474226502 214 RIGHT
440 180 29.5296461204668 215 RIGHT
440 181 29.966648127543394 216 RIGHT
450 182 30.463092423455635 217 RIGHT
450 183 31.016124838541646 218 RIGHT
450 184 31.622776601683793 219 RIGHT
450 185 32.28002478313795 220 RIGHT
460 186 32.984845004941285 221 RIGHT
460 187 33.734255586866 222 RIGHT
460 188 34.52535300326414 223 RIGHT
460 189 35.35533905932738 224 RIGHT
470 190 36.22154055254967 225 RIGHT
470 191 37.33630940518894 226 RIGHT
470 192 38.47076812334269 227 RIGHT
470 193 39.6232255123179 228 RIGHT
480 194 40.792156108742276 229 RIGHT
480 195 41.97618372363071 230 RIGHT
480 196 43.174066289845804 231 RIGHT
480 197 44.384682042344295 232 RIGHT
490 198 45.60701700396552 233 RIGHT
490 199 46.84015371452148 234 RIGHT
490 200 48.08326112068523 235 RIGHT
490 201 49.33558553417604 236 RIGHT
500 202 50.59644256269407 237 RIGHT
500 203 52.49761899362675 238 RIGHT
500 204 54.405882034941776 239 RIGHT
500 205 56.32051136131489 240 RIGHT
510 206 58.240879114244144 241 RIGHT
510 207 60.166435825965294 242 RIGHT
510 208 62.0966987850401 243 UP
510 209 64.03124237432849 244 UP
520 210 65.96969000988257 245 UP
520 211 67.1863081289633 144 UP
520 212 68.41052550594829 138 UP
520 213 69.6419413859206 132 UP
530 214 70.8801805866774 126 UP
530 215 71.47027354082255 120 UP
530 216 72.11102550927978 114 UP
530 217 72.80109889280519 108 UP
580 218 72.80109889280519 102 UP
580 219 72.80109889280519 96 UP
580 220 73.16419889536138 90 LEFT
580 221 73.16419889536138 84 LEFT
590 222 73.53910524340094 78 LEFT
590 223 73.53910524340094 77 LEFT
590 224 72.61542535852834 76 LEFT
590 225 72.61542535852834 75 LEFT
600 226 71.69379331573968 74 LEFT
600 227 71.69379331573968 73 LEFT
600 228 70.77428911688199 72 LEFT
600 229 70.77428911688199 71 LEFT
610 230 69.85699678629192 70 LEFT
610 231 69.85699678629192 69 LEFT
610 232 68.94200461257273 68 LEFT
610 233 68.94200461257273 67 LEFT
620 234 68.0294054067798 66 LEFT
620 235 68.0294054067798 65 LEFT
620 236 67.11929677819934 64 LEFT
620 237 67.11929677819934 63 LEFT
630 238 66.2117814289874 62 LEFT
630 239 66.2117814289874 61 LEFT
630 240 65.30696746902278 60 DOWN
630 241 65.30696746902278 59 DOWN
640 242 64.40496875241847 58 DOWN
640 243 64.88451279003334 83 DOWN
640 244 64.47480127925948 89 DOWN
640 245 65.0 95 DOWN
650 246 64.62197768561404 101 DOWN
650 247 63.90618123468183 107 DOWN
650 248 63.56886030125127 113 DOWN
650 249 62.93647591023825 119 DOWN
660 250 62.6418390534633 125 DOWN
660 251 62.0966987850401 131 LEFT
660 252 61.84658438426491 137 LEFT
660 253 61.39218191268331 143 LEFT
660 254 61.18823416311342 225 LEFT
660 255 60.01666435249463 224 LEFT
660 256 59.033888572581766 223 LEFT
660 257 57.87054518492115 222 LEFT
660 258 56.88585061331157 221 LEFT
660 259 55.731499172371095 220 LEFT
660 260 54.74486277268398 219 LEFT
660 261 53.600373133029585 218 LEFT
660 262 52.61178575186362 217 LEFT
660 263 51.478150704935004 216 LEFT
660 264 50.48762224545735 215 LEFT
660 265 49.36598018878993 214 LEFT
660 266 48.373546489791295 213 LEFT
660 267 47.265209192385896 212 LEFT
660 268 46.2709412050371 211 LEFT
660 269 45.17742799230607 210 LEFT
660 270 44.181444068749045 209 LEFT
660 271 43.104524124504614 208 LEFT
660 272 42.1070065428546 207 LEFT
660 273 41.048751503547585 206 LEFT
660 274 40.049968789001575 205 LEFT
660 275 39.01281840626232 204 LEFT
660 276 38.01315561749642 203 LEFT
660 277 37.0 202 LEFT
660 278 36.0 201 LEFT
660 279 35.014282800023196 200 LEFT
660 280 34.0147027033899 199 LEFT
660 281 33.06055050963308 198 LEFT
660 282 32.0624390837628 197 LEFT
660 283 31.144823004794873 196 LEFT
660 284 30.14962686336267 195 LEFT
660 285 29.274562336608895 194 LEFT
660 286 28.284271247461902 193 LEFT
660 287 27.459060435491963 192 LEFT
660 288 26.476404589747453 191 LEFT
660 289 25.709920264364882 190 LEFT
660 290 24.73863375370596 189 LEFT
660 291 24.041630560342615 188 LEFT
660 292 23.08679276123039 187 LEFT
660 293 22.47220505424423 186 LEFT
660 294 21.540659228538015 185 LEFT
660 295 21.02379604162864 184 LEFT
660 296 20.12461179749811 183 LEFT
660 297 19.72308292331602 182 LEFT
660 298 18.867962264113206 181 LEFT
660 299 18.601075237738275 180 LEFT
660 300 17.804493814764857 179 LEFT
660 301 17.69180601295413 178 LEFT
660 302 16.97056274847714 177 LEFT
660 303 16.97056274847714 176 LEFT
660 304 16.278820596099706 175 UP
660 305 16.278820596099706 174 UP
660 306 15.620499351813308 173 UP
660 307 15.620499351813308 172 UP
660 308 15.0 171 UP
660 309 15.0 170 UP
660 310 14.422205101855956 169 UP
660 311 14.422205101855956 168 UP
660 312 13.892443989449804 167 UP
660 313 13.892443989449804 166 UP
660 314 13.416407864998739 165 UP
660 315 13.038404810405298 140 UP
660 316 12.206555615733702 134 UP
660 317 12.041594578792296 128 UP
670 318 11.313708498984761 122 UP
670 319 11.40175425099138 116 UP
670 320 10.816653826391969 110 UP
670 321 11.180339887498949 104 UP
680 322 10.770329614269007 98 UP
680 323 11.40175425099138 92 UP
680 324 11.180339887498949 86 UP
680 325 12.041594578792296 80 LEFT
690 326 12.0 20 LEFT
690 327 12.0 19 LEFT
690 328 11.0 18 LEFT
690 329 11.0 17 LEFT
700 330 10.0 16 LEFT
700 331 10.0 15 LEFT
700 332 9.0 14 LEFT
700 333 9.0 13 LEFT
710 334 8.0 12 LEFT
710 335 8.0 11 LEFT
710 336 7.0 10 LEFT
710 337 7.0 9 LEFT
720 338 6.0 8 LEFT
720 339 6.0 7 LEFT
720 340 5.0 6 LEFT
720 341 5.0 5 LEFT
730 342 4.0 4 DOWN
730 343 3.1622776601683795 3 DOWN
730 344 2.23606797749979 2 DOWN
730 345 2.23606797749979 1 DOWN
940 346 69.42621983083913 0 DOWN
940 347 68.6804193347711 79 DOWN
940 348 67.94115100585212 85 DOWN
940 349 67.20863039818622 91 DOWN
990 350 66.48308055437865 97 DOWN
990 351 65.76473218982953 103 DOWN
990 352 65.05382386916237 109 DOWN
990 353 64.35060217278468 115 DOWN
1000 354 63.655321851358195 121 DOWN
1000 355 62.96824596572466 127 DOWN
1200 356 62.289646009589745 133 DOWN
1200 357 61.61980201201558 139 DOWN
1210 358 60.959002616512684 145 RIGHT
1210 359 60.207972893961475 146 RIGHT
1210 360 59.464274989274024 147 RIGHT
1210 361 58.728187440104094 148 RIGHT
1220 362 58.0 149 RIGHT
1220 363 57.28001396647874 150 RIGHT
1220 364 56.568542494923804 151 RIGHT
1220 365 55.86591089385369 152 RIGHT
1220 366 55.17245689653489 153 RIGHT
1220 367 54.48853090330111 154 RIGHT
1220 368 53.81449618829484 155 RIGHT
1220 369 53.150729063673246 156 RIGHT
1220 370 52.49761899362675 157 RIGHT
1220 371 51.85556864985669 158 RIGHT
1220 372 51.22499389946279 159 RIGHT
1220 373 50.60632371551998 160 RIGHT
1220 374 50.0 161 RIGHT
1220 375 49.4064773081425 162 RIGHT
1220 376 48.82622246293481 163 RIGHT
1220 377 48.25971404805462 164 RIGHT
1220 378 47.70744176750625 165 RIGHT
1220 379 47.16990566028302 166 RIGHT
1220 380 46.647615158762406 167 RIGHT
1220 381 46.14108798023731 168 RIGHT
1220 382 45.65084884205331 169 RIGHT
1220 383 45.17742799230607 170 RIGHT
1220 384 44.721359549995796 171 RIGHT
1220 385 36.235341863986875 172 UP
1220 386 35.0 173 UP
1220 387 33.83784863137726 174 UP
1220 388 32.7566787083184 175 UP
1220 389 31.76476034853718 176 UP
1220 390 30.870698080866262 177 UP
1220 391 31.38470965295043 141 UP
1220 392 31.953090617340916 135 UP
1220 393 32.57299494980466 129 UP
1230 394 33.24154027718932 123 UP
1230 395 33.95585369269929 117 UP
1630 396 34.713109915419565 111 UP
1630 397 35.510561809129406 105 UP
1640 398 36.345563690772494 99 UP
1640 399 37.21558813185679 93 UP
1640 400 38.118237105091836 87 UP
1640 401 39.05124837953327 81 RIGHT
1650 402 40.01249804748511 21 RIGHT
1650 403 40.01249804748511 22 RIGHT
1650 404 39.05124837953327 23 RIGHT
1650 405 38.118237105091836 24 RIGHT
1660 406 37.21558813185679 25 RIGHT
1660 407 36.345563690772494 26 RIGHT
1660 408 35.510561809129406 27 RIGHT
1660 409 34.713109915419565 28 RIGHT
1670 410 33.95585369269929 29 RIGHT
1670 411 33.24154027718932 30 RIGHT
1670 412 32.57299494980466 31 RIGHT
1670 413 31.953090617340916 32 RIGHT
1680 414 31.38470965295043 33 RIGHT
1680 415 30.870698080866262 34 RIGHT
1680 416 30.870698080866262 35 RIGHT
1680 417 30.870698080866262 36 RIGHT
1690 418 30.870698080866262 37 RIGHT
1690 419 30.870698080866262 38 RIGHT
1690 420 30.870698080866262 39 RIGHT
1690 421 30.870698080866262 40 RIGHT
1700 422 30.870698080866262 41 RIGHT
1700 423 30.870698080866262 42 RIGHT
1700 424 30.870698080866262 43 RIGHT
1700 425 30.870698080866262 44 RIGHT
1710 426 30.870698080866262 45 RIGHT
1710 427 30.870698080866262 46 RIGHT
1710 428 30.4138126514911 47 RIGHT
1710 429 30.01666203960727 48 RIGHT
1720 430 29.68164415931166 49 RIGHT
1720 431 29.410882339705484 50 RIGHT
1720 432 29.206163733020468 51 RIGHT
1720 433 29.068883707497267 52 RIGHT
1730 434 29.0 53 RIGHT
1730 435 29.0 54 RIGHT
1730 436 29.068883707497267 55 DOWN
1730 437 29.206163733020468 56 DOWN
1740 438 29.410882339705484 57 DOWN
1740 439 28.30194339616981 82 DOWN
1740 440 27.294688127912362 88 DOWN
1740 441 26.40075756488817 94 DOWN
1750 442 25.632011235952593 100 DOWN
1750 443 25.0 106 DOWN
1750 444 23.769728648009426 112 DOWN
1750 445 22.561028345356956 118 DOWN
1760 446 21.37755832643195 124 DOWN
1760 447 20.223748416156685 130 DOWN
1760 448 19.1049731745428 136 DOWN
1760 449 18.027756377319946 142 DOWN
1760 450 17.0 213 RIGHT
1760 451 17.0 214 RIGHT
1760 452 17.0 215 RIGHT
1760 453 17.0 216 RIGHT
1760 454 17.0 217 RIGHT
1760 455 17.0 218 RIGHT
1760 456 17.0 219 RIGHT
1760 457 17.0 220 RIGHT
1760 458 17.0 221 RIGHT
1760 459 17.0 222 RIGHT
1760 460 17.0 223 RIGHT
1760 461 17.0 224 RIGHT
1760 462 17.0 225 RIGHT
1760 463 17.0 226 RIGHT
1760 464 17.0 227 RIGHT
1760 465 17.0 228 RIGHT
1760 466 17.0 229 RIGHT
1760 467 17.0 230 RIGHT
1760 468 17.0 231 RIGHT
1760 469 17.0 232 RIGHT
1760 470 17.0 233 RIGHT
1760 471 17.0 234 DOWN
1760 472 17.0 235 DOWN
1760 473 17.0 236 DOWN
1760 474 17.0 237 DOWN
1760 475 16.0312195418814 251 DOWN
1760 476 15.132745950421556 257 DOWN
1760 477 14.317821063276353 263 DOWN
1770 478 13.601470508735444 269 DOWN
1770 479 13.0 275 DOWN
1770 480 12.529964086141668 281 DOWN
1770 481 12.206555615733702 287 DOWN
1780 482 12.041594578792296 293 DOWN
1780 483 12.041594578792296 299 DOWN
1780 484 12.206555615733702 305 DOWN
1780 485 12.529964086141668 311 DOWN
1790 486 13.0 317 DOWN
1790 487 13.601470508735444 323 DOWN
1790 488 14.317821063276353 329 DOWN
1790 489 15.132745950421556 335 DOWN
1800 490 16.0312195418814 399 DOWN
1800 491 17.0 415 DOWN
1800 492 17.0 419 DOWN
1800 493 17.0 423 DOWN
1810 494 17.0 427 DOWN
1810 495 17.0 431 DOWN
1810 496 17.0 435 DOWN
1810 497 17.0 439 DOWN
1820 498 17.0 443 DOWN
1820 499 17.0 447 DOWN
1820 500 17.0 451 DOWN
1820 501 17.0 455 DOWN
1830 502 17.0 540 DOWN
1830 503 17.0 544 DOWN
1830 504 17.0 548 DOWN
1830 505 17.0 552 DOWN
1840 506 17.0 556 DOWN
1840 507 17.0 560 DOWN
1840 508 17.0 564 DOWN
1840 509 17.0 568 DOWN
1850 510 17.0 572 DOWN
1850 511 17.0 576 DOWN
1850 512 17.0 580 DOWN
1850 513 17.0 584 DOWN
1860 514 17.0 612 DOWN
1860 515 17.0 618 DOWN
1860 516 17.0 624 DOWN
1860 517 17.0 630 DOWN
1870 518 17.0 636 DOWN
1870 519 17.0 642 DOWN
1870 520 17.0 648 DOWN
1870 521 17.0 654 DOWN
1880 522 17.0 660 DOWN
1880 523 17.0 666 DOWN
1880 524 17.0 672 DOWN
1880 525 17.0 678 DOWN
1890 526 17.0 753 DOWN
1890 527 17.0 769 DOWN
1890 528 17.0 773 DOWN
1890 529 17.0 777 DOWN
1900 530 17.0 781 DOWN
1900 531 17.0 785 DOWN
1900 532 17.0 789 DOWN
1900 533 17.0 793 DOWN
1910 534 17.0 797 DOWN
1910 535 17.0 801 DOWN
1910 536 17.0 805 DOWN
1910 537 17.0 809 DOWN
1920 538 17.0 883 DOWN
1920 539 17.0 887 DOWN
1920 540 17.0 891 DOWN
1920 541 17.0 895 DOWN
1930 542 17.0 899 DOWN
1930 543 17.0 903 DOWN
1930 544 17.0 907 DOWN
1930 545 17.0 911 DOWN
1940 546 17.0 915 DOWN
1940 547 17.0 919 DOWN
1940 548 17.0 923 DOWN
1940 549 17.0 927 RIGHT
1950 550 17.0 1020 RIGHT
1950 551 16.0312195418814 1021 RIGHT
1950 552 15.132745950421556 1022 RIGHT
1950 553 14.317821063276353 1023 RIGHT
1960 554 13.601470508735444 1024 RIGHT
1960 555 13.0 1025 RIGHT
1960 556 12.529964086141668 1026 RIGHT
1960 557 12.206555615733702 1027 DOWN
1970 558 12.041594578792296 1028 DOWN
1970 559 12.041594578792296 1034 DOWN
1970 560 12.041594578792296 1040 DOWN
1970 561 12.041594578792296 1046 DOWN
1980 562 12.041594578792296 1052 DOWN
1980 563 12.041594578792296 1058 DOWN
1980 564 12.041594578792296 1064 DOWN
1980 565 12.041594578792296 1070 DOWN
1990 566 12.041594578792296 1076 DOWN
1990 567 12.041594578792296 1082 DOWN
1990 568 13.45362404707371 1088 DOWN
1990 569 14.866068747318506 1094 DOWN
2000 570 16.278820596099706 1124 DOWN
2000 571 17.69180601295413 1130 DOWN
2000 572 19.1049731745428 1136 DOWN
2000 573 20.518284528683193 1142 DOWN
2050 574 20.615528128088304 1148 DOWN
2050 575 20.808652046684813 1154 DOWN
2050 576 21.633307652783937 1160 UP
2050 577 20.248456731316587 1154 UP
2050 578 19.4164878389476 1148 UP
2050 579 18.027756377319946 1142 UP
2050 580 17.204650534085253 1136 UP
2050 581 15.811388300841896 1130 UP
2050 582 15.0 1124 UP
2050 583 13.601470508735444 1094 UP
2050 584 12.806248474865697 1088 UP
2050 585 12.806248474865697 1082 UP
2050 586 12.041594578792296 1076 UP
2050 587 12.041594578792296 1070 UP
2050 588 11.313708498984761 1064 UP
2050 589 11.313708498984761 1058 UP
2050 590 10.63014581273465 1052 UP
2050 591 10.63014581273465 1046 UP
2050 592 10.0 1040 UP
2050 593 10.0 1034 LEFT
2050 594 9.433981132056603 1028 LEFT
2050 595 9.219544457292887 1027 LEFT
2050 596 8.48528137423857 1026 LEFT
2050 597 8.602325267042627 1025 LEFT
2050 598 8.06225774829855 1024 LEFT
2050 599 8.54400374531753 1023 LEFT
2050 600 8.246211251235321 1022 UP
2050 601 9.055385138137417 1021 UP
2050 602 9.0 1020 UP
2050 603 9.0 927 UP
2050 604 8.0 923 UP
2050 605 8.0 919 UP
2050 606 7.0 915 UP
2050 607 7.0 911 UP
2050 608 6.0 907 UP
2050 609 6.0 903 UP
2050 610 5.0 899 UP
2050 611 5.0 895 UP
2050 612 4.0 891 UP
2050 613 4.0 887 UP
2050 614 3.0 883 UP
2050 615 3.0 809 UP
2250 616 50.99019513592785 805 UP
2250 617 50.566787519082126 801 UP
2250 618 50.15974481593781 797 UP
2250 619 49.76946855251722 793 UP
2250 620 49.39635614091387 789 UP
2250 621 49.040799340956916 785 UP
2250 622 48.703182647543684 781 UP
2250 623 48.38388161361178 777 UP
2250 624 48.08326112068523 773 UP
2250 625 47.80167361086848 769 UP
2250 626 47.53945729601885 753 UP
2250 627 47.29693436154187 678 UP
2250 628 47.07440918375928 672 UP
2250 629 46.87216658103186 666 UP
2250 630 46.69047011971501 660 UP
2250 631 46.52956049652737 654 UP
2250 632 46.389654018972806 648 UP
2250 633 46.2709412050371 642 UP
2250 634 46.17358552246078 636 UP
2250 635 46.09772228646444 630 UP
2650 636 46.04345773288535 624 UP
2650 637 46.010868281309364 618 UP
2650 638 46.0 612 UP
2650 639 46.010868281309364 584 UP
2650 640 46.04345773288535 580 UP
2650 641 46.09772228646444 576 UP
2650 642 46.17358552246078 572 UP
2650 643 46.2709412050371 568 UP
2650 644 46.389654018972806 564 UP
2650 645 46.52956049652737 560 UP
2650 646 46.69047011971501 556 UP
2650 647 46.87216658103186 552 UP
2650 648 47.07440918375928 548 UP
2650 649 47.29693436154187 544 UP
2650 650 47.53945729601885 540 UP
2650 651 47.80167361086848 455 UP
2650 652 48.08326112068523 451 UP
2650 653 48.38388161361178 447 UP
2650 654 48.703182647543684 443 UP
2650 655 42.2965719651132 439 UP
2650 656 41.43669871020132 435 UP
2650 657 40.607881008493905 431 UP
2650 658 39.81205847478876 427 UP
2650 659 39.05124837953327 423 UP
2650 660 38.3275357934736 419 UP
2650 661 37.64306044943742 415 UP
2650 662 37.0 399 UP
2650 663 36.40054944640259 335 UP
2650 664 35.84689665786984 329 UP
2650 665 35.34119409414458 323 UP
2650 666 34.88552708502482 317 UP
2650 667 34.48187929913333 311 UP
2650 668 34.132096331752024 305 UP
2650 669 33.83784863137726 299 UP
2650 670 33.60059523282288 293 UP
2650 671 33.421549934136806 287 UP
2650 672 33.301651610693426 281 UP
2650 673 33.24154027718932 275 UP
2650 674 33.24154027718932 269 UP
2650 675 33.301651610693426 263 UP
2650 676 33.421549934136806 257 UP
2650 677 33.60059523282288 251 UP
2650 678 33.83784863137726 237 UP
2650 679 33.28663395418648 237 LEFT
2650 680 32.2490309931942 236 LEFT
2650 681 31.304951684997057 235 LEFT
2650 682 30.463092423455635 234 LEFT
2650 683 29.732137494637012 233 LEFT
2650 684 29.120439557122072 232 LEFT
2650 685 28.635642126552707 231 LEFT
2650 686 28.284271247461902 230 LEFT
2650 687 28.071337695236398 229 LEFT
2650 688 28.0 228 LEFT
2650 689 28.071337695236398 227 LEFT
2650 690 28.284271247461902 226 DOWN
2650 691 28.635642126552707 225 DOWN
2650 692 27.892651361962706 250 DOWN
2650 693 27.202941017470888 256 DOWN
2650 694 26.570660511172846 262 DOWN
2660 695 26.0 268 DOWN
2660 696 25.495097567963924 274 DOWN
2660 697 25.059928172283335 280 DOWN
2660 698 23.323807579381203 286 DOWN
2670 699 21.633307652783937 292 DOWN
2670 700 20.0 298 DOWN
2670 701 18.439088914585774 304 DOWN
2670 702 16.97056274847714 310 LEFT
2680 703 15.620499351813308 316 LEFT
2680 704 14.422205101855956 322 LEFT
2680 705 13.416407864998739 328 LEFT
2680 706 12.649110640673518 334 LEFT
2690 707 12.165525060596439 398 LEFT
2690 708 13.038404810405298 397 LEFT
2690 709 14.0 396 LEFT
2690 710 15.033296378372908 395 LEFT
2700 711 36.22154055254967 978 LEFT
2700 712 36.124783736376884 977 LEFT
2700 713 36.05551275463989 976 LEFT
2700 714 36.013886210738214 975 LEFT
2700 715 36.0 974 LEFT
2700 716 36.013886210738214 973 LEFT
2700 717 36.05551275463989 972 LEFT
2700 718 36.124783736376884 971 LEFT
2700 719 36.22154055254967 970 LEFT
2700 720 36.345563690772494 969 LEFT
2700 721 36.49657518178932 968 LEFT
2700 722 36.6742416417845 967 LEFT
2700 723 36.87817782917155 966 LEFT
2700 724 37.107950630558946 965 LEFT
2700 725 37.36308338453881 964 LEFT
2700 726 37.64306044943742 963 LEFT
2700 727 37.94733192202055 962 LEFT
2700 728 38.27531841800928 961 LEFT
2700 729 38.62641583165593 960 LEFT
2700 730 39.0 959 LEFT
2700 731 39.395431207184416 958 LEFT
2700 732 39.81205847478876 957 LEFT
2710 733 40.24922359499622 956 LEFT
2710 734 40.70626487409524 955 LEFT
2710 735 41.182520563948 954 LEFT
2710 736 41.677331968349414 953 LEFT
2720 737 42.190046219457976 952 LEFT
2720 738 42.720018726587654 951 LEFT
2720 739 43.266615305567875 950 LEFT
2720 740 43.829214001622255 949 LEFT
2730 741 44.40720662234904 948 LEFT
2730 742 45.0 947 LEFT
2730 743 45.60701700396552 946 LEFT
2730 744 46.22769732530488 945 LEFT
2740 745 46.861498055439924 944 LEFT
2740 746 47.50789408087881 943 LEFT
2740 747 48.16637831516918 942 LEFT
2740 748 48.83646178829912 941 LEFT
2750 749 49.51767361255979 940 LEFT
2750 750 61.84658438426491 939 LEFT
2750 751 61.84658438426491 938 LEFT
2750 752 61.84658438426491 937 LEFT
2760 753 61.84658438426491 936 LEFT
2760 754 61.84658438426491 935 LEFT
2760 755 61.84658438426491 934 LEFT
2760 756 61.84658438426491 933 LEFT
2770 757 61.84658438426491 932 LEFT
2770 758 61.84658438426491 931 LEFT
2770 759 61.84658438426491 930 LEFT
2770 760 61.84658438426491 929 LEFT
2780 761 61.84658438426491 928 LEFT
2780 762 61.220911460055866 928 LEFT
2780 763 60.60528029800704 928 LEFT
0 0 36.22154055254967 978 NEUTRAL
0 1 36.124783736376884 977 NEUTRAL
0 2 36.05551275463989 976 NEUTRAL
0 3 36.013886210738214 975 NEUTRAL
0 4 36.0 974 NEUTRAL
0 5 36.013886210738214 973 NEUTRAL
10 6 36.05551275463989 972 NEUTRAL
10 7 36.124783736376884 971 NEUTRAL
10 8 36.22154055254967 970 NEUTRAL
10 9 36.345563690772494 969 NEUTRAL
20 10 36.49657518178932 968 NEUTRAL
20 11 36.6742416417845 967 NEUTRAL
20 12 36.87817782917155 966 NEUTRAL
20 13 37.107950630558946 965 NEUTRAL
30 14 37.36308338453881 964 NEUTRAL
30 15 37.64306044943742 963 NEUTRAL
30 16 37.94733192202055 962 NEUTRAL
30 17 38.27531841800928 961 NEUTRAL
40 18 38.62641583165593 960 NEUTRAL
40 19 39.0 959 NEUTRAL
40 20 39.395431207184416 958 NEUTRAL
40 21 39.81205847478876 957 NEUTRAL
50 22 40.24922359499622 956 NEUTRAL
50 23 40.70626487409524 955 NEUTRAL
50 24 41.182520563948 954 NEUTRAL
50 25 41.677331968349414 953 NEUTRAL
60 26 42.190046219457976 952 NEUTRAL
60 27 42.720018726587654 951 NEUTRAL
60 28 43.266615305567875 950 NEUTRAL
60 29 43.829214001622255 949 UP
70 30 44.40720662234904 948 UP
70 31 45.0 947 UP
70 32 45.60701700396552 946 UP
70 33 46.22769732530488 945 UP
80 34 46.861498055439924 944 UP
80 35 47.50789408087881 943 UP
80 36 48.16637831516918 942 UP
80 37 48.83646178829912 941 UP
90 38 49.51767361255979 940 UP
90 39 50.20956084253277 939 UP
90 40 62.48199740725323 938 UP
90 41 62.48199740725323 937 UP
100 42 62.48199740725323 936 UP
100 43 61.07372593840988 924 UP
100 44 59.665735560705194 920 UP
100 45 58.25804665451803 916 UP
110 46 56.85068161420758 912 UP
110 47 55.44366510251645 908 UP
110 48 54.037024344425184 904 UP
110 49 52.630789467763066 900 UP
120 50 51.22499389946279 896 UP
120 51 49.8196748283246 892 LEFT
120 52 48.41487374764082 888 LEFT
120 53 47.01063709417264 884 LEFT
130 54 45.60701700396552 810 UP
130 55 44.204072210600685 806 UP
130 56 42.80186911806539 802 UP
130 57 41.400483088968905 798 UP
140 58 40.0 794 UP
140 59 38.41874542459709 790 UP
140 60 36.87817782917155 786 UP
140 61 35.38361202590826 782 UP
150 62 33.94112549695428 778 UP
150 63 32.55764119219941 774 UP
150 64 31.240998703626616 770 UP
150 65 30.0 766 UP
160 66 28.844410203711913 691 UP
160 67 27.784887978899608 673 UP
160 68 26.832815729997478 667 UP
160 69 26.0 661 UP
170 70 25.298221281347036 655 UP
170 71 24.041630560342615 649 UP
170 72 22.80350850198276 643 UP
170 73 21.587033144922902 637 UP
180 74 20.396078054371138 631 UP
180 75 19.235384061671343 625 UP
180 76 18.110770276274835 619 UP
180 77 17.029386365926403 613 UP
190 78 16.0 585 UP
190 79 15.033296378372908 581 UP
190 80 14.142135623730951 577 UP
190 81 13.341664064126334 573 UP
200 82 12.649110640673518 569 UP
200 83 13.416407864998739 565 UP
200 84 14.422205101855956 561 UP
200 85 15.620499351813308 557 UP
210 86 16.97056274847714 553 UP
210 87 18.439088914585774 549 UP
210 88 20.0 545 UP
210 89 21.633307652783937 541 UP
220 90 23.323807579381203 456 UP
220 91 25.059928172283335 452 UP
220 92 26.832815729997478 448 UP
220 93 28.635642126552707 444 UP
230 94 30.463092423455635 440 UP
230 95 31.016124838541646 436 UP
230 96 31.622776601683793 432 UP
230 97 32.28002478313795 428 UP
240 98 32.984845004941285 424 UP
240 99 33.734255586866 420 UP
240 100 34.52535300326414 416 UP
240 101 35.35533905932738 412 UP
250 102 36.22154055254967 348 UP
250 103 37.12142238654117 330 UP
250 104 38.05259518088089 324 UP
250 105 39.01281840626232 318 UP
260 106 40.0 312 UP
260 107 40.0 306 UP
260 108 40.0 300 UP
260 109 40.0 294 UP
270 110 40.0 288 UP
270 111 40.0 282 UP
270 112 40.0 276 UP
270 113 40.0 270 UP
280 114 40.0 264 RIGHT
280 115 40.0 258 RIGHT
280 116 40.0 252 RIGHT
280 117 40.0 246 RIGHT
290 118 40.0 153 RIGHT
290 119 39.01281840626232 154 RIGHT
290 120 38.05259518088089 155 RIGHT
290 121 37.12142238654117 156 RIGHT
300 122 36.22154055254967 157 RIGHT
300 123 35.35533905932738 158 RIGHT
300 124 34.52535300326414 159 RIGHT
300 125 33.734255586866 160 RIGHT
310 126 32.984845004941285 161 RIGHT
310 127 32.28002478313795 162 RIGHT
310 128 31.622776601683793 163 RIGHT
310 129 31.016124838541646 164 RIGHT
320 130 30.463092423455635 165 RIGHT
320 131 29.966648127543394 166 RIGHT
320 132 29.5296461204668 167 RIGHT
320 133 29.154759474226502 168 RIGHT
330 134 28.844410203711913 169 RIGHT
330 135 28.600699292150182 170 RIGHT
330 136 28.42534080710379 171 RIGHT
330 137 28.319604517012593 172 RIGHT
340 138 28.284271247461902 173 RIGHT
340 139 28.319604517012593 174 RIGHT
340 140 28.42534080710379 175 RIGHT
340 141 28.600699292150182 176 RIGHT
350 142 28.844410203711913 177 RIGHT
350 143 29.154759474226502 178 RIGHT
350 144 29.5296461204668 179 RIGHT
350 145 29.966648127543394 180 RIGHT
360 146 30.463092423455635 181 RIGHT
360 147 31.016124838541646 182 RIGHT
360 148 31.622776601683793 183 RIGHT
360 149 32.28002478313795 184 RIGHT
370 150 32.984845004941285 185 RIGHT
370 151 33.734255586866 186 RIGHT
370 152 34.52535300326414 187 RIGHT
370 153 35.35533905932738 188 RIGHT
380 154 36.22154055254967 189 RIGHT
380 155 37.12142238654117 190 RIGHT
380 156 38.05259518088089 191 RIGHT
380 157 39.01281840626232 192 RIGHT
390 158 40.0 193 RIGHT
390 159 40.0 194 RIGHT
390 160 40.0 195 RIGHT
390 161 40.0 196 RIGHT
400 162 40.0 197 RIGHT
400 163 40.0 198 RIGHT
400 164 40.0 199 RIGHT
400 165 40.0 200 RIGHT
410 166 40.0 201 RIGHT
410 167 40.0 202 RIGHT
410 168 40.0 203 RIGHT
410 169 40.0 204 RIGHT
420 170 40.0 205 RIGHT
420 171 40.0 206 RIGHT
420 172 40.0 207 RIGHT
420 173 40.0 208 RIGHT
430 174 40.0 209 RIGHT
430 175 40.0 210 RIGHT
430 176 40.0 211 RIGHT
430 177 40.0 212 RIGHT
440 178 40.0 213 RIGHT
440 179 40.0 214 RIGHT
440 180 40.0 215 RIGHT
440 181 40.0 216 RIGHT
450 182 40.0 217 RIGHT
450 183 40.0 218 RIGHT
450 184 40.0 219 RIGHT
450 185 40.0 220 RIGHT
460 186 40.0 221 RIGHT
460 187 40.0 222 RIGHT
460 188 40.0 223 RIGHT
460 189 40.0 224 RIGHT
470 190 40.0 225 RIGHT
470 191 40.0 226 RIGHT
470 192 40.0 227 RIGHT
470 193 40.0 228 RIGHT
480 194 40.0 229 RIGHT
480 195 40.0 230 RIGHT
480 196 40.0 231 RIGHT
480 197 40.0 232 RIGHT
490 198 40.0 233 RIGHT
490 199 40.0 234 RIGHT
490 200 40.0 235 RIGHT
490 201 40.0 236 RIGHT
500 202 40.0 237 RIGHT
500 203 40.0 238 RIGHT
500 204 40.0 239 RIGHT
500 205 40.0 240 RIGHT
510 206 40.0 241 RIGHT
510 207 41.012193308819754 242 RIGHT
510 208 42.04759208325728 243 RIGHT
510 209 43.104524124504614 244 RIGHT
520 210 44.181444068749045 245 UP
520 211 44.40720662234904 144 UP
520 212 44.721359549995796 138 UP
520 213 45.12205669071391 132 UP
530 214 45.60701700396552 126 UP
530 215 46.17358552246078 120 UP
530 216 46.8187996428785 114 UP
530 217 47.53945729601885 108 UP
580 218 47.53945729601885 102 LEFT
580 219 47.53945729601885 96 LEFT
580 220 47.92702786528704 90 LEFT
580 221 47.92702786528704 84 LEFT
590 222 48.33218389437829 78 LEFT
590 223 47.01063709417264 77 LEFT
590 224 46.09772228646444 76 LEFT
590 225 44.77722635447622 75 LEFT
600 226 43.86342439892262 74 LEFT
600 227 42.5440947723653 73 LEFT
600 228 41.6293165929973 72 LEFT
600 229 40.311288741492746 71 LEFT
610 230 39.395431207184416 70 LEFT
610 231 38.07886552931954 69 LEFT
610 232 37.16180835212409 68 LEFT
610 233 35.84689665786984 67 LEFT
620 234 34.92849839314596 66 LEFT
620 235 33.61547262794322 65 LEFT
620 236 32.69556544854363 64 LEFT
620 237 31.38470965295043 63 LEFT
630 238 30.463092423455635 62 DOWN
630 239 30.463092423455635 61 DOWN
630 240 29.546573405388315 60 DOWN
630 241 29.546573405388315 59 DOWN
640 242 28.635642126552707 58 DOWN
640 243 29.154759474226502 83 DOWN
640 244 28.792360097775937 89 DOWN
640 245 29.410882339705484 95 DOWN
650 246 29.120439557122072 101 DOWN
650 247 29.832867780352597 107 DOWN
650 248 29.614185789921695 113 DOWN
650 249 30.4138126514911 119 DOWN
660 250 30.265491900843113 125 LEFT
660 251 31.144823004794873 131 LEFT
660 252 31.064449134018133 137 LEFT
660 253 32.01562118716424 143 LEFT
660 254 32.0 225 LEFT
660 255 32.0 224 LEFT
660 256 31.0 223 LEFT
660 257 31.0 222 LEFT
660 258 30.0 221 LEFT
660 259 30.0 220 LEFT
660 260 29.0 219 LEFT
660 261 29.0 218 LEFT
660 262 28.0 217 LEFT
660 263 27.018512172212592 216 LEFT
660 264 26.019223662515376 215 LEFT
660 265 25.079872407968907 214 LEFT
660 266 24.08318915758459 213 LEFT
660 267 23.194827009486403 212 LEFT
660 268 22.20360331117452 211 LEFT
660 269 21.37755832643195 210 LEFT
660 270 20.396078054371138 209 LEFT
660 271 19.6468827043885 208 LEFT
660 272 18.681541692269406 207 LEFT
660 273 18.027756377319946 206 LEFT
660 274 17.08800749063506 205 LEFT
660 275 16.55294535724685 204 LEFT
660 276 15.652475842498529 203 LEFT
660 277 15.264337522473747 202 LEFT
660 278 14.422205101855956 201 LEFT
660 279 14.212670403551895 200 LEFT
660 280 13.45362404707371 199 LEFT
660 281 13.45362404707371 198 LEFT
660 282 12.806248474865697 197 LEFT
660 283 13.038404810405298 196 LEFT
660 284 12.529964086141668 195 LEFT
660 285 13.0 194 LEFT
660 286 12.649110640673518 193 LEFT
660 287 13.341664064126334 192 LEFT
660 288 13.152946437965905 191 LEFT
660 289 14.035668847618199 190 LEFT
860 290 14.0 189 DOWN
860 291 14.0 248 DOWN
860 292 13.0 254 DOWN
860 293 13.0 260 DOWN
870 294 12.0 266 DOWN
870 295 11.045361017187261 272 DOWN
870 296 10.04987562112089 278 DOWN
870 297 9.219544457292887 284 DOWN
880 298 8.246211251235321 290 DOWN
880 299 7.615773105863909 296 DOWN
880 300 6.708203932499369 302 DOWN
880 301 6.4031242374328485 308 DOWN
890 302 5.656854249492381 314 DOWN
890 303 5.830951894845301 320 DOWN
890 304 5.385164807134504 326 DOWN
890 305 6.082762530298219 332 DOWN
900 306 6.0 373 DOWN
900 307 7.0 373 DOWN
900 308 7.0 373 DOWN
900 309 8.0 373 DOWN
900 310 8.0 373 DOWN
900 311 9.0 373 DOWN
900 312 9.0 373 DOWN
900 313 10.0 373 DOWN
900 314 10.0 373 DOWN
900 315 11.0 373 DOWN
900 316 11.0 373 DOWN
900 317 12.0 373 DOWN
900 318 12.0 373 DOWN
900 319 12.041594578792296 373 DOWN
900 320 12.041594578792296 373 DOWN
900 321 12.165525060596439 373 DOWN
900 322 12.165525060596439 373 DOWN
900 323 12.36931687685298 373 DOWN
900 324 12.36931687685298 373 DOWN
900 325 12.649110640673518 373 DOWN
900 326 12.649110640673518 373 DOWN
900 327 13.0 373 DOWN
900 328 13.0 373 DOWN
900 329 13.416407864998739 373 DOWN
900 330 13.416407864998739 373 DOWN
900 331 13.892443989449804 373 DOWN
900 332 13.892443989449804 373 DOWN
900 333 14.422205101855956 373 DOWN
900 334 14.422205101855956 373 DOWN
900 335 15.0 373 DOWN
900 336 15.0 373 DOWN
900 337 15.620499351813308 373 DOWN
900 338 15.620499351813308 373 DOWN
900 339 16.278820596099706 373 DOWN
900 340 16.278820596099706 373 DOWN
900 341 16.97056274847714 373 DOWN
900 342 16.97056274847714 373 DOWN
900 343 16.278820596099706 373 DOWN
900 344 16.278820596099706 373 DOWN
900 345 15.620499351813308 373 DOWN
900 346 15.620499351813308 373 DOWN
900 347 15.0 373 DOWN
900 348 15.0 373 DOWN
900 349 14.422205101855956 373 DOWN
900 350 14.422205101855956 373 DOWN
900 351 13.892443989449804 373 DOWN
900 352 13.892443989449804 373 DOWN
900 353 13.416407864998739 373 DOWN
900 354 13.416407864998739 373 DOWN
900 355 13.0 373 DOWN
900 356 13.0 373 DOWN
900 357 12.649110640673518 373 DOWN
900 358 12.649110640673518 373 DOWN
900 359 12.36931687685298 373 DOWN
900 360 12.36931687685298 373 DOWN
900 361 12.165525060596439 373 DOWN
900 362 12.165525060596439 373 DOWN
900 363 12.041594578792296 373 DOWN
900 364 12.041594578792296 373 DOWN
900 365 12.0 373 DOWN
900 366 12.0 373 DOWN
900 367 12.041594578792296 373 DOWN
900 368 12.041594578792296 373 DOWN
900 369 36.22154055254967 978 LEFT
900 370 36.124783736376884 977 LEFT
900 371 36.05551275463989 976 LEFT
900 372 36.013886210738214 975 LEFT
900 373 36.0 974 LEFT
900 374 36.013886210738214 973 LEFT
900 375 36.05551275463989 972 LEFT
900 376 36.124783736376884 971 LEFT
900 377 36.22154055254967 970 LEFT
900 378 36.345563690772494 969 LEFT
900 379 36.49657518178932 968 LEFT
900 380 36.6742416417845 967 LEFT
900 381 36.87817782917155 966 LEFT
900 382 37.107950630558946 965 LEFT
900 383 37.36308338453881 964 LEFT
900 384 37.64306044943742 963 LEFT
900 385 37.94733192202055 962 LEFT
900 386 38.27531841800928 961 LEFT
900 387 38.62641583165593 960 LEFT
900 388 39.0 959 LEFT
900 389 39.395431207184416 958 LEFT
900 390 39.81205847478876 957 LEFT
900 391 40.24922359499622 956 LEFT
900 392 40.70626487409524 955 LEFT
900 393 41.182520563948 954 LEFT
900 394 41.677331968349414 953 LEFT
900 395 42.190046219457976 952 LEFT
900 396 42.720018726587654 951 LEFT
900 397 43.266615305567875 950 LEFT
900 398 43.829214001622255 949 LEFT
900 399 44.40720662234904 948 LEFT
900 400 45.0 947 LEFT
900 401 45.60701700396552 946 LEFT
900 402 46.22769732530488 945 LEFT
900 403 46.861498055439924 944 LEFT
900 404 47.50789408087881 943 LEFT
900 405 48.16637831516918 942 LEFT
900 406 48.83646178829912 941 LEFT
900 407 49.51767361255979 940 LEFT
900 408 61.84658438426491 939 LEFT
900 409 61.84658438426491 938 LEFT
900 410 61.84658438426491 937 LEFT
900 411 61.84658438426491 936 LEFT
900 412 61.84658438426491 935 LEFT
900 413 61.84658438426491 934 LEFT
900 414 61.84658438426491 933 LEFT
910 415 61.84658438426491 932 LEFT
910 416 61.84658438426491 931 LEFT
910 417 61.84658438426491 930 LEFT
910 418 61.84658438426491 929 LEFT
920 419 61.84658438426491 928 LEFT
920 420 61.220911460055866 928 LEFT
920 421 60.60528029800704 928 LEFT
920 422 60.0 928 LEFT
920 423 59.405386961116584 928 LEFT
920 424 58.82176467941097 928 LEFT
920 425 58.249463516842795 928 LEFT
920 426 57.688820407423826 928 LEFT
920 427 56.859475903318 928 LEFT
920 428 56.0357029044876 928 LEFT
920 429 55.21775076911409 928 LEFT
920 430 54.405882034941776 928 LEFT
920 431 53.600373133029585 928 LEFT
920 432 52.80151512977634 928 LEFT
920 433 52.009614495783374 928 LEFT
920 434 51.22499389946279 928 LEFT
920 435 50.44799302251776 928 LEFT
920 436 49.678969393496885 928 LEFT
920 437 48.91829923454004 928 LEFT
920 438 48.16637831516918 928 LEFT
920 439 47.50789408087881 928 LEFT
920 440 46.861498055439924 928 LEFT
920 441 46.22769732530488 928 LEFT
920 442 45.60701700396552 928 LEFT
920 443 45.0 928 LEFT
920 444 44.40720662234904 928 LEFT
920 445 43.829214001622255 928 LEFT
920 446 43.266615305567875 928 LEFT
920 447 42.720018726587654 928 LEFT
920 448 42.190046219457976 928 LEFT
920 449 41.677331968349414 928 LEFT
920 450 41.182520563948 928 LEFT
920 451 40.311288741492746 928 LEFT
920 452 39.44616584663204 928 LEFT
920 453 38.58756276314948 928 LEFT
920 454 37.73592452822641 928 LEFT
920 455 36.89173349139343 928 LEFT
920 456 36.05551275463989 928 LEFT
920 457 35.22782990761707 928 LEFT
920 458 34.40930106817051 928 LEFT
920 459 33.60059523282288 928 LEFT
920 460 32.802438933713454 928 LEFT
920 461 32.01562118716424 928 LEFT
920 462 31.240998703626616 928 LEFT
920 463 30.610455730027933 928 LEFT
920 464 30.0 928 LEFT
920 465 29.410882339705484 928 LEFT
920 466 28.844410203711913 928 LEFT
920 467 28.30194339616981 928 LEFT
920 468 27.784887978899608 928 LEFT
920 469 27.294688127912362 928 LEFT
920 470 26.832815729997478 928 LEFT
920 471 26.40075756488817 928 LEFT
920 472 26.0 928 LEFT
920 473 25.632011235952593 928 LEFT
920 474 25.298221281347036 928 LEFT
920 475 25.0 928 LEFT
920 476 24.73863375370596 928 LEFT
920 477 24.515301344262525 928 LEFT
920 478 24.331050121192877 928 LEFT
920 479 24.186773244895647 928 LEFT
920 480 24.08318915758459 928 LEFT
920 481 24.020824298928627 928 LEFT
920 482 24.0 928 LEFT
920 483 24.020824298928627 928 LEFT
920 484 24.08318915758459 928 LEFT
920 485 24.186773244895647 928 LEFT
920 486 24.331050121192877 928 LEFT
920 487 106.73331251301067 928 LEFT
920 488 105.75916035975324 928 LEFT
920 489 104.78549517943789 928 LEFT
920 490 103.81233067415451 928 LEFT
920 491 102.83968105745953 928 LEFT
920 492 101.86756107809786 928 LEFT
920 493 100.89598604503551 928 LEFT
920 494 99.92497185388645 928 LEFT
920 495 98.95453501482385 928 LEFT
920 496 97.98469268207153 928 LEFT
920 497 97.01546268507923 928 LEFT
920 498 96.04686356149273 928 LEFT
920 499 95.0789145920377 928 LEFT
920 500 95.33624704172071 928 LEFT
920 501 95.60334722173695 928 LEFT
920 502 95.88013350011565 928 LEFT
920 503 96.16652224137046 928 LEFT
920 504 96.46242791885346 928 LEFT
920 505 96.76776322722355 928 LEFT
920 506 97.082439194738 928 LEFT
920 507 97.40636529508737 928 LEFT
920 508 97.73944955850733 928 LEFT
920 509 98.08159868191383 928 LEFT
920 510 98.43271813782245 928 LEFT
920 511 98.79271228182775 928 LEFT
920 512 99.16148445843275 928 LEFT
920 513 99.53893710503444 928 LEFT
920 514 99.92497185388645 928 LEFT
920 515 100.31948963187563 928 LEFT
920 516 100.72239075796404 928 LEFT
920 517 101.13357503816425 928 LEFT
920 518 101.55294185792945 928 LEFT
920 519 101.9803902718557 928 LEFT
920 520 102.41581909060729 928 LEFT
920 521 102.85912696499032 928 LEFT
920 522 103.31021246711285 928 LEFT
920 523 103.76897416858277 928 LEFT
920 524 36.22154055254967 978 LEFT
920 525 36.124783736376884 977 LEFT
920 526 36.05551275463989 976 LEFT
920 527 36.013886210738214 975 LEFT
920 528 36.0 974 LEFT
920 529 36.013886210738214 973 LEFT
920 530 36.05551275463989 972 LEFT
920 531 36.124783736376884 971 LEFT
920 532 36.22154055254967 970 LEFT
920 533 36.345563690772494 969 LEFT
920 534 36.49657518178932 968 LEFT
920 535 36.6742416417845 967 LEFT
920 536 36.87817782917155 966 LEFT
920 537 37.107950630558946 965 LEFT
920 538 37.36308338453881 964 LEFT
920 539 37.64306044943742 963 LEFT
920 540 37.94733192202055 962 LEFT
920 541 38.27531841800928 961 LEFT
920 542 38.62641583165593 960 LEFT
920 543 39.0 959 LEFT
920 544 39.395431207184416 958 LEFT
920 545 39.81205847478876 957 LEFT
920 546 40.24922359499622 956 LEFT
920 547 40.70626487409524 955 LEFT
920 548 41.182520563948 954 LEFT
920 549 41.677331968349414 953 LEFT
920 550 42.190046219457976 952 LEFT
920 551 42.720018726587654 951 LEFT
920 552 43.266615305567875 950 LEFT
920 553 43.829214001622255 949 LEFT
920 554 44.40720662234904 948 LEFT
920 555 45.0 947 LEFT
920 556 45.60701700396552 946 LEFT
920 557 46.22769732530488 945 LEFT
920 558 46.861498055439924 944 LEFT
920 559 47.50789408087881 943 LEFT
920 560 48.16637831516918 942 LEFT
920 561 48.83646178829912 941 LEFT
920 562 49.51767361255979 940 LEFT
920 563 61.84658438426491 939 LEFT
920 564 61.84658438426491 938 LEFT
920 565 61.84658438426491 937 LEFT
920 566 61.84658438426491 936 LEFT
920 567 61.84658438426491 935 LEFT
920 568 61.84658438426491 934 LEFT
920 569 61.84658438426491 933 LEFT
920 570 61.84658438426491 932 LEFT
920 571 61.84658438426491 931 LEFT
920 572 61.84658438426491 930 LEFT
920 573 61.84658438426491 929 LEFT
920 574 61.84658438426491 928 LEFT
920 575 61.220911460055866 928 LEFT
920 576 60.60528029800704 928 LEFT
920 577 60.0 928 LEFT
920 578 59.405386961116584 928 LEFT
920 579 58.82176467941097 928 LEFT
920 580 58.249463516842795 928 LEFT
920 581 57.688820407423826 928 LEFT
920 582 56.859475903318 928 LEFT
920 583 56.0357029044876 928 LEFT
920 584 55.21775076911409 928 LEFT
920 585 54.405882034941776 928 LEFT
920 586 53.600373133029585 928 LEFT
920 587 52.80151512977634 928 LEFT
920 588 52.009614495783374 928 LEFT
920 589 51.22499389946279 928 LEFT
920 590 50.44799302251776 928 LEFT
920 591 49.678969393496885 928 LEFT
920 592 48.91829923454004 928 LEFT
920 593 48.16637831516918 928 LEFT
920 594 47.50789408087881 928 LEFT
920 595 46.861498055439924 928 LEFT
920 596 46.22769732530488 928 LEFT
920 597 45.60701700396552 928 LEFT
920 598 45.0 928 LEFT
920 599 44.40720662234904 928 LEFT
920 600 43.829214001622255 928 LEFT
920 601 43.266615305567875 928 LEFT
920 602 42.720018726587654 928 LEFT
920 603 42.190046219457976 928 LEFT
920 604 41.677331968349414 928 LEFT
920 605 41.182520563948 928 LEFT
920 606 40.311288741492746 928 LEFT
920 607 39.44616584663204 928 LEFT
920 608 38.58756276314948 928 LEFT
920 609 37.73592452822641 928 LEFT
920 610 36.89173349139343 928 LEFT
920 611 36.05551275463989 928 LEFT
920 612 35.22782990761707 928 LEFT
920 613 34.40930106817051 928 LEFT
920 614 33.60059523282288 928 LEFT
920 615 32.802438933713454 928 LEFT
920 616 32.01562118716424 928 LEFT
920 617 31.240998703626616 928 LEFT
920 618 30.610455730027933 928 LEFT
920 619 30.0 928 LEFT
920 620 29.410882339705484 928 LEFT
920 621 28.844410203711913 928 LEFT
920 622 28.30194339616981 928 LEFT
920 623 27.784887978899608 928 LEFT
920 624 27.294688127912362 928 LEFT
920 625 26.832815729997478 928 LEFT
920 626 26.40075756488817 928 LEFT
920 627 26.0 928 LEFT
920 628 25.632011235952593 928 LEFT
920 629 25.298221281347036 928 LEFT
920 630 24.351591323771842 928 LEFT
920 631 23.40939982143925 928 LEFT
920 632 22.47220505424423 928 LEFT
920 633 21.540659228538015 928 LEFT
920 634 20.615528128088304 928 LEFT
920 635 19.697715603592208 928 LEFT
920 636 18.788294228055936 928 LEFT
0 0 36.22154055254967 978 NEUTRAL
0 1 36.124783736376884 977 NEUTRAL
0 2 36.05551275463989 976 NEUTRAL
0 3 36.013886210738214 975 NEUTRAL
0 4 36.0 974 NEUTRAL
0 5 36.013886210738214 973 NEUTRAL
10 6 36.05551275463989 972 NEUTRAL
10 7 36.124783736376884 971 NEUTRAL
10 8 36.22154055254967 970 NEUTRAL
10 9 36.345563690772494 969 NEUTRAL
20 10 36.49657518178932 968 NEUTRAL
20 11 36.6742416417845 967 NEUTRAL
20 12 36.87817782917155 966 NEUTRAL
20 13 37.107950630558946 965 NEUTRAL
30 14 37.36308338453881 964 UP
30 15 37.64306044943742 963 UP
30 16 37.94733192202055 962 UP
30 17 38.27531841800928 961 UP
40 18 38.62641583165593 960 NEUTRAL
40 19 39.0 959 NEUTRAL
40 20 39.395431207184416 958 NEUTRAL
40 21 39.81205847478876 957 NEUTRAL
50 22 40.24922359499622 956 NEUTRAL
50 23 40.70626487409524 955 NEUTRAL
50 24 41.182520563948 954 NEUTRAL
50 25 41.677331968349414 953 NEUTRAL
60 26 42.190046219457976 952 NEUTRAL
60 27 42.720018726587654 951 NEUTRAL
60 28 43.266615305567875 950 NEUTRAL
60 29 43.829214001622255 949 NEUTRAL
70 30 44.40720662234904 948 NEUTRAL
70 31 45.0 947 NEUTRAL
70 32 45.60701700396552 946 NEUTRAL
70 33 46.22769732530488 945 NEUTRAL
80 34 46.861498055439924 944 NEUTRAL
80 35 47.50789408087881 943 NEUTRAL
80 36 48.16637831516918 942 UP
80 37 48.83646178829912 941 UP
90 38 49.51767361255979 940 UP
90 39 50.20956084253277 939 UP
90 40 62.48199740725323 938 UP
90 41 63.7808748764079 937 UP
100 42 65.11528238439882 936 UP
100 43 65.06919393998976 924 UP
100 44 65.05382386916237 920 UP
100 45 65.06919393998976 916 UP
110 46 65.11528238439882 912 UP
110 47 65.19202405202648 908 UP
110 48 65.29931086925804 904 UP
110 49 65.43699259593154 900 UP
120 50 65.60487786742691 896 UP
120 51 65.80273550544841 892 UP
120 52 66.03029607687671 888 UP
120 53 66.2872536767062 884 UP
130 54 66.57326790837296 810 UP
130 55 66.88796603276258 806 UP
130 56 67.23094525588644 802 UP
130 57 67.60177512462228 798 UP
140 58 68.0 794 UP
140 59 68.0 790 UP
140 60 68.0 786 UP
140 61 68.0 782 UP
150 62 68.0 778 UP
150 63 68.0 774 UP
150 64 68.0 770 UP
150 65 68.0 766 UP
160 66 68.0 691 UP
160 67 68.0 673 UP
160 68 68.0 667 UP
160 69 68.0 661 UP
170 70 68.0 655 UP
170 71 68.42514157822401 649 UP
170 72 68.87670143089025 643 UP
170 73 69.35416353759881 637 UP
180 74 69.85699678629192 631 UP
180 75 70.3846574190711 625 UP
180 76 70.9365914038728 619 UP
180 77 71.5122367151245 613 UP
190 78 72.11102550927978 585 UP
190 79 72.73238618387272 581 UP
190 80 73.37574531137656 577 UP
190 81 74.04052944165107 573 UP
200 82 74.72616676907762 569 UP
200 83 74.72616676907762 565 UP
200 84 74.72616676907762 561 UP
200 85 74.72616676907762 557 UP
210 86 74.72616676907762 553 UP
210 87 74.72616676907762 549 UP
210 88 74.72616676907762 545 UP
210 89 74.72616676907762 541 UP
220 90 74.72616676907762 456 UP
220 91 74.72616676907762 452 UP
220 92 74.72616676907762 448 UP
220 93 74.72616676907762 444 UP
230 94 74.72616676907762 440 UP
230 95 74.72616676907762 436 UP
230 96 74.72616676907762 432 UP
230 97 74.72616676907762 428 UP
240 98 74.72616676907762 424 UP
240 99 74.72616676907762 420 UP
240 100 74.72616676907762 416 UP
240 101 74.72616676907762 412 UP
250 102 74.72616676907762 348 UP
250 103 74.72616676907762 330 UP
250 104 74.72616676907762 324 UP
250 105 74.72616676907762 318 UP
260 106 74.72616676907762 312 UP
260 107 74.72616676907762 306 UP
260 108 74.72616676907762 300 UP
260 109 74.72616676907762 294 UP
270 110 74.72616676907762 288 UP
270 111 75.43208866258443 282 UP
270 112 76.15773105863909 276 UP
270 113 76.90253571892151 270 UP
280 114 77.6659513557904 264 UP
280 115 78.44743462982075 258 UP
280 116 79.2464510246358 252 UP
280 117 80.06247560499239 246 UP
290 118 80.89499366462674 153 LEFT
290 119 82.87339742040264 152 LEFT
290 120 84.8528137423857 151 LEFT
290 121 86.83317338436964 150 LEFT
300 122 88.81441324469807 149 LEFT
300 123 90.79647570252934 148 LEFT
300 124 92.77930803794561 147 LEFT
300 125 94.76286192385707 146 LEFT
310 126 96.74709297958259 145 LEFT
310 127 97.73944955850733 145 LEFT
310 128 98.73196037757987 145 LEFT
310 129 99.72462083156798 145 LEFT
310 130 100.71742649611338 145 LEFT
310 131 100.60318086422517 145 LEFT
310 132 100.4987562112089 145 LEFT
310 133 100.40418317978589 145 LEFT
310 134 100.31948963187563 145 LEFT
310 135 100.24470060806208 145 LEFT
310 136 100.17983829094555 145 LEFT
310 137 100.12492197250393 145 LEFT
310 138 100.07996802557443 145 LEFT
310 139 100.04498987955368 145 LEFT
310 140 100.0199980003999 145 LEFT
310 141 100.00499987500625 145 LEFT
310 142 100.0 145 LEFT
310 143 99.0 145 LEFT
310 144 98.0 145 LEFT
310 145 97.0 145 LEFT
310 146 96.0 145 UP
310 147 95.00526301210897 139 UP
310 148 94.02127418834527 133 UP
310 149 93.04837451562494 127 UP
320 150 92.0869154657707 121 UP
320 151 91.13725912051558 115 UP
320 152 90.19977827023745 109 UP
320 153 36.22154055254967 978 RIGHT
320 154 36.345563690772494 979 RIGHT
320 155 36.49657518178932 980 RIGHT
320 156 36.6742416417845 981 RIGHT
320 157 36.87817782917155 982 RIGHT
320 158 37.107950630558946 983 RIGHT
330 159 37.36308338453881 984 RIGHT
330 160 37.64306044943742 985 RIGHT
330 161 37.94733192202055 986 RIGHT
330 162 38.27531841800928 987 RIGHT
340 163 38.62641583165593 988 RIGHT
340 164 39.0 989 RIGHT
340 165 39.395431207184416 990 RIGHT
340 166 39.81205847478876 991 RIGHT
350 167 40.24922359499622 992 RIGHT
350 168 40.70626487409524 993 RIGHT
350 169 41.182520563948 994 RIGHT
350 170 41.677331968349414 995 RIGHT
360 171 42.190046219457976 996 RIGHT
360 172 42.720018726587654 997 RIGHT
360 173 43.266615305567875 998 RIGHT
360 174 43.829214001622255 999 RIGHT
370 175 44.40720662234904 1000 DOWN
370 176 45.0 1001 DOWN
370 177 45.60701700396552 1002 DOWN
370 178 46.22769732530488 1003 DOWN
380 179 46.861498055439924 1004 DOWN
380 180 47.50789408087881 1005 DOWN
380 181 48.16637831516918 1006 DOWN
380 182 48.83646178829912 1007 DOWN
390 183 49.51767361255979 1008 DOWN
390 184 50.24937810560445 1033 DOWN
390 185 50.99019513592785 1039 DOWN
390 186 51.73973328110612 1045 DOWN
400 187 52.49761899362675 1051 DOWN
400 188 53.2634959423431 1057 DOWN
400 189 54.037024344425184 1063 DOWN
400 190 54.817880294662984 1069 DOWN
410 191 55.60575509783138 1075 DOWN
410 192 64.41273166075166 1081 DOWN
410 193 64.8459713474939 1087 DOWN
410 194 65.30696746902278 1093 DOWN
420 195 65.79513659838392 1123 DOWN
420 196 66.30987860040162 1129 DOWN
420 197 66.85057965343307 1135 DOWN
420 198 67.4166151627327 1141 DOWN
430 199 68.00735254367721 1147 DOWN
430 200 68.62215385719105 1153 DOWN
430 201 69.26037828369117 1159 DOWN
430 202 69.92138442565336 1165 DOWN
440 203 70.60453243241541 1171 DOWN
440 204 71.30918594402827 1177 DOWN
440 205 72.03471385380801 1183 DOWN
440 206 72.78049189171504 1189 DOWN
450 207 73.54590403278758 1271 LEFT
450 208 73.16419889536138 1270 LEFT
450 209 72.83543093852057 1269 LEFT
450 210 72.56031973468694 1268 LEFT
460 211 72.3394774656273 1267 LEFT
460 212 72.17340230306452 1266 LEFT
460 213 72.06247289678588 1265 UP
460 214 72.00694410957877 1264 UP
470 215 72.00694410957877 1263 UP
470 216 72.06247289678588 1262 UP
470 217 72.17340230306452 1261 UP
470 218 72.3394774656273 1260 UP
480 219 72.56031973468694 1259 UP
480 220 71.7007670809734 1188 UP
480 221 70.8590149522275 1182 UP
480 222 70.03570517957252 1176 UP
490 223 69.2314957226839 1170 UP
490 224 68.4470598345904 1164 UP
490 225 67.68308503607086 1158 UP
490 226 66.94027188471824 1152 UP
500 227 66.21933252457322 1146 UP
500 228 65.52098900352466 1140 UP
500 229 64.8459713474939 1134 UP
500 230 64.19501538281614 1128 UP
510 231 63.56886030125127 1122 UP
510 232 63.90618123468183 1122 UP
510 233 64.25729530566937 1122 UP
510 234 64.62197768561404 1122 UP
510 235 63.694583757176716 1122 UP
510 236 62.76941930590086 1122 UP
510 237 61.84658438426491 1122 UP
510 238 60.92618484691127 1122 UP
510 239 60.00833275470999 1122 UP
510 240 59.09314681077663 1122 UP
510 241 58.180752831155424 1122 UP
510 242 57.271284253105414 1122 UP
510 243 56.36488268416781 1122 UP
510 244 55.46169849544819 1122 UP
510 245 54.56189146281496 1122 UP
510 246 53.665631459994955 1122 UP
510 247 52.773099207835045 1122 UP
510 248 51.884487084291386 1122 UP
510 249 51.0 1122 UP
510 250 50.11985634456667 1122 UP
510 251 49.24428900898052 1122 UP
510 252 48.373546489791295 1122 UP
510 253 47.50789408087881 1122 UP
510 254 46.647615158762406 1122 UP
510 255 45.79301256742124 1122 UP
510 256 44.94441010848846 1122 UP
510 257 44.10215414239989 1122 UP
510 258 43.266615305567875 1122 UP
510 259 42.43819034784589 1122 UP
510 260 41.617304093369626 1122 UP
510 261 40.80441152620633 1122 UP
510 262 40.0 1122 UP
510 263 39.20459156782532 1122 UP
510 264 38.41874542459709 1122 UP
510 265 37.64306044943742 1122 UP
510 266 36.87817782917155 1122 UP
510 267 36.124783736376884 1122 UP
510 268 35.38361202590826 1122 UP
510 269 34.655446902326915 1122 UP
510 270 33.94112549695428 1122 UP
510 271 33.24154027718932 1122 UP
510 272 32.55764119219941 1122 UP
510 273 31.89043743820395 1122 UP
510 274 31.240998703626616 1122 UP
510 275 30.610455730027933 1122 UP
510 276 30.0 1122 UP
510 277 29.410882339705484 1122 UP
510 278 28.844410203711913 1122 UP
510 279 28.30194339616981 1122 UP
510 280 27.784887978899608 1122 UP
510 281 27.294688127912362 1122 UP
510 282 26.832815729997478 1122 UP
510 283 26.40075756488817 1122 UP
510 284 26.0 1122 UP
510 285 25.632011235952593 1122 UP
510 286 25.298221281347036 1122 UP
510 287 25.0 1122 UP
510 288 24.73863375370596 1122 UP
510 289 24.515301344262525 1122 UP
510 290 24.331050121192877 1122 UP
510 291 24.186773244895647 1122 UP
510 292 24.08318915758459 1122 UP
510 293 24.020824298928627 1122 UP
510 294 24.0 1122 UP
510 295 24.020824298928627 1122 UP
510 296 24.08318915758459 1122 UP
510 297 24.186773244895647 1122 UP
510 298 24.331050121192877 1122 UP
510 299 24.515301344262525 1122 UP
510 300 24.73863375370596 1122 UP
510 301 25.0 1122 UP
510 302 25.298221281347036 1122 UP
510 303 25.632011235952593 1122 UP
510 304 26.0 1122 UP
510 305 26.40075756488817 1122 UP
510 306 26.832815729997478 1122 UP
510 307 27.730849247724095 1122 UP
510 308 28.635642126552707 1122 UP
510 309 29.546573405388315 1122 UP
510 310 30.463092423455635 1122 UP
510 311 31.38470965295043 1122 UP
510 312 32.31098884280702 1122 UP
510 313 33.24154027718932 1122 UP
510 314 34.17601498127012 1122 UP
510 315 35.11409973215888 1122 UP
510 316 36.05551275463989 1122 UP
510 317 37.0 1122 UP
510 318 37.94733192202055 1122 UP
510 319 37.64306044943742 1122 UP
510 320 37.36308338453881 1122 UP
510 321 37.107950630558946 1122 UP
510 322 36.87817782917155 1122 UP
510 323 36.6742416417845 1122 UP
510 324 36.49657518178932 1122 UP
510 325 36.345563690772494 1122 UP
510 326 36.22154055254967 1122 UP
510 327 36.124783736376884 1122 UP
510 328 36.05551275463989 1122 UP
510 329 36.013886210738214 1122 UP
510 330 36.0 1122 UP
510 331 37.0 1122 UP
510 332 38.0 1122 UP
510 333 39.0 1122 UP
510 334 40.0 1122 UP
510 335 41.0 1122 UP
510 336 42.0 1122 UP
510 337 43.0 1122 UP
510 338 44.0 1122 UP
510 339 45.0 1122 UP
510 340 46.0 1122 UP
510 341 47.0 1122 UP
510 342 48.0 1122 UP
510 343 49.0 1122 UP
510 344 50.0 1122 UP
510 345 51.0 1122 UP
510 346 52.0 1122 UP
510 347 53.0 1122 UP
510 348 54.0 1122 UP
510 349 55.0 1122 UP
510 350 56.0 1122 UP
510 351 57.0 1122 UP
510 352 58.0 1122 UP
510 353 59.0 1122 UP
510 354 60.0 1122 UP
510 355 60.00833275470999 1122 UP
510 356 60.03332407921454 1122 UP
510 357 60.07495318350236 1122 UP
510 358 60.13318551349163 1122 UP
510 359 60.207972893961475 1122 UP
510 360 60.29925372672534 1122 UP
510 361 60.40695324215582 1122 UP
510 362 60.530983801686226 1122 UP
510 363 60.67124524847005 1122 UP
510 364 60.8276253029822 1122 UP
510 365 61.0 1122 UP
510 366 61.18823416311342 1122 UP
510 367 61.39218191268331 1122 UP
510 368 61.61168720299745 1122 UP
510 369 61.84658438426491 1122 UP
510 370 62.0966987850401 1122 UP
510 371 62.36184731067546 1122 UP
510 372 62.6418390534633 1122 UP
510 373 62.93647591023825 1122 UP
510 374 63.245553203367585 1122 UP
510 375 63.56886030125127 1122 UP
510 376 63.90618123468183 1122 UP
510 377 64.25729530566937 1122 UP
510 378 64.62197768561404 1122 UP
510 379 65.55150646628954 1122 UP
510 380 66.48308055437865 1122 UP
510 381 67.4166151627327 1122 UP
510 382 68.35202996254024 1122 UP
510 383 69.28924880528002 1122 UP
510 384 70.22819946431775 1122 UP
510 385 71.16881339463234 1122 UP
510 386 72.11102550927978 1122 UP
510 387 73.05477397131553 1122 UP
510 388 74.0 1122 UP
510 389 74.94664769020693 1122 UP
510 390 75.8946638440411 1122 UP
510 391 76.84399781375251 1122 UP
510 392 77.79460135510689 1122 UP
510 393 78.74642849044012 1122 UP
510 394 79.6994353806851 1122 UP
510 395 80.65358020571685 1122 UP
510 396 81.60882305241266 1122 UP
510 397 82.56512580987206 1122 UP
510 398 83.5224520712844 1122 UP
510 399 84.48076704197234 1122 UP
510 400 85.44003745317531 1122 UP
510 401 86.40023148117139 1122 UP
510 402 87.36131867136622 1122 UP
510 403 88.32326986700618 1122 UP
510 404 89.28605714219886 1122 UP
510 405 90.24965373894794 1122 UP
510 406 91.21403400793103 1122 UP
510 407 90.95603333479313 1122 UP
510 408 90.70832376358854 1122 UP
510 409 90.47098982546837 1122 UP
510 410 90.24411338142782 1122 UP
510 411 90.02777349240623 1122 UP
510 412 89.82204629154248 1122 UP
510 413 89.62700485902673 1122 UP
510 414 89.44271909999159 1122 UP
510 415 89.26925562588724 1122 UP
510 416 89.10667763978185 1122 UP
510 417 88.95504482602435 1122 UP
510 418 88.81441324469807 1122 UP
510 419 89.80534505250787 1122 UP
510 420 90.79647570252934 1122 UP
510 421 91.7877987534291 1122 UP
510 422 92.77930803794561 1122 UP
510 423 93.7709976485267 1122 UP
510 424 94.76286192385707 1122 UP
510 425 95.75489543621255 1122 UP
510 426 96.74709297958259 1122 UP
510 427 97.73944955850733 1122 UP
510 428 98.73196037757987 1122 UP
510 429 99.72462083156798 1122 UP
510 430 100.71742649611338 1122 UP
510 431 100.84145972763385 1122 UP
510 432 100.9752444909147 1122 UP
510 433 101.11874208078342 1122 UP
510 434 101.27191120937731 1122 UP
510 435 101.43470806385751 1122 UP
510 436 101.6070863670443 1122 UP
510 437 101.78899744078434 1122 UP
510 438 101.9803902718557 1122 UP
510 439 102.18121158021175 1122 UP
510 440 102.39140588936164 1122 UP
510 441 102.61091559868278 1122 UP
510 442 102.83968105745953 1122 UP
510 443 103.07764064044152 1122 UP
510 444 103.32473082471591 1122 UP
510 445 103.58088626768937 1122 UP
510 446 103.84603988597736 1122 UP
510 447 104.12012293500234 1122 UP
510 448 104.4030650891055 1122 UP
510 449 104.69479452198185 1122 UP
510 450 104.9952379872535 1122 UP
510 451 104.04326023342406 1122 UP
510 452 103.09219175087898 1122 UP
510 453 102.1420579389313 1122 UP
510 454 101.19288512538814 1122 UP
510 455 100.24470060806208 1122 UP
510 456 99.29753269845128 1122 UP
510 457 98.35141076771599 1122 UP
510 458 97.40636529508737 1122 UP
510 459 96.46242791885346 1122 UP
510 460 95.51963149007642 1122 UP
510 461 94.57801012920498 1122 UP
510 462 93.637599285757 1122 UP
510 463 93.30058949438637 1122 UP
510 464 92.97311439335567 1122 UP
510 465 92.65527507918802 1122 UP
510 466 92.34717104492157 1122 UP
510 467 92.04890004774636 1122 UP
510 468 91.76055797563569 1122 UP
510 469 91.48223871331527 1122 UP
510 470 91.21403400793103 1122 UP
510 471 90.95603333479313 1122 UP
510 472 90.70832376358854 1122 UP
510 473 90.47098982546837 1122 UP
510 474 90.24411338142782 1122 UP
510 475 90.02777349240623 1122 UP
510 476 89.82204629154248 1122 UP
510 477 89.62700485902673 1122 UP
510 478 89.44271909999159 1122 UP
510 479 89.26925562588724 1122 UP
510 480 89.10667763978185 1122 UP
510 481 88.95504482602435 1122 UP
510 482 88.81441324469807 1122 UP
510 483 88.68483523128404 1122 UP
510 484 88.56635930193812 1122 UP
510 485 88.45903006477066 1122 UP
510 486 88.36288813749809 1122 UP
510 487 88.2779700718135 1122 UP
510 488 88.20430828479978 1122 UP
510 489 88.14193099768123 1122 UP
510 490 88.09086218218096 1122 UP
510 491 88.05112151472007 1122 UP
510 492 88.02272433866155 1122 UP
510 493 88.0056816347672 1122 UP
510 494 88.0 1122 UP
510 495 88.0056816347672 1122 UP
510 496 88.02272433866155 1122 UP
510 497 88.05112151472007 1122 UP
510 498 88.09086218218096 1122 UP
510 499 88.14193099768123 1122 UP
510 500 88.20430828479978 1122 UP
510 501 88.2779700718135 1122 UP
510 502 88.36288813749809 1122 UP
510 503 88.45903006477066 1122 UP
510 504 88.56635930193812 1122 UP
510 505 88.45903006477066 1122 UP
510 506 88.36288813749809 1122 UP
510 507 88.2779700718135 1122 UP
510 508 88.20430828479978 1122 UP
510 509 88.14193099768123 1122 UP
510 510 88.09086218218096 1122 UP
510 511 88.05112151472007 1122 UP
510 512 88.02272433866155 1122 UP
510 513 88.0056816347672 1122 UP
510 514 88.0 1122 UP
0 0 36.22154055254967 978 LEFT
0 1 36.124783736376884 977 LEFT
0 2 36.05551275463989 976 LEFT
0 3 36.013886210738214 975 LEFT
0 4 36.0 974 LEFT
0 5 36.013886210738214 973 LEFT
10 6 36.05551275463989 972 LEFT
10 7 36.124783736376884 971 LEFT
10 8 36.22154055254967 970 LEFT
10 9 36.345563690772494 969 LEFT
20 10 36.49657518178932 968 LEFT
20 11 36.6742416417845 967 LEFT
20 12 36.87817782917155 966 LEFT
20 13 37.107950630558946 965 LEFT
30 14 37.36308338453881 964 LEFT
30 15 37.64306044943742 963 LEFT
30 16 37.94733192202055 962 LEFT
30 17 38.27531841800928 961 LEFT
40 18 38.62641583165593 960 UP
40 19 37.69615364994153 925 UP
40 20 36.76955262170047 921 UP
40 21 35.84689665786984 917 UP
50 22 34.92849839314596 913 UP
50 23 34.0147027033899 909 UP
50 24 33.1058907144937 905 UP
50 25 32.202484376209235 901 UP
60 26 31.304951684997057 897 UP
60 27 30.4138126514911 893 UP
60 28 29.5296461204668 889 UP
60 29 28.653097563788805 885 UP
70 30 27.784887978899608 834 LEFT
70 31 28.30194339616981 833 LEFT
70 32 28.844410203711913 832 LEFT
70 33 29.410882339705484 831 LEFT
80 34 30.0 830 LEFT
80 35 30.610455730027933 829 LEFT
80 36 31.240998703626616 828 LEFT
80 37 31.89043743820395 827 LEFT
90 38 32.55764119219941 826 LEFT
90 39 33.24154027718932 825 LEFT
90 40 45.60701700396552 824 LEFT
90 41 46.861498055439924 823 LEFT
100 42 48.16637831516918 822 LEFT
100 43 49.51767361255979 821 LEFT
100 44 50.91168824543142 820 LEFT
100 45 52.3450093132096 819 LEFT
110 46 53.81449618829484 818 LEFT
110 47 55.31726674375732 817 LEFT
110 48 56.85068161420758 816 LEFT
110 49 58.412327466040935 815 LEFT
120 50 60.0 814 LEFT
120 51 61.61168720299745 813 LEFT
120 52 63.245553203367585 812 LEFT
120 53 64.89992295835181 811 LEFT
130 54 66.57326790837296 810 UP
130 55 66.88796603276258 806 UP
130 56 67.23094525588644 802 UP
130 57 67.60177512462228 798 UP
140 58 68.0 794 UP
140 59 68.42514157822401 790 UP
140 60 68.87670143089025 786 UP
140 61 69.35416353759881 782 UP
150 62 69.85699678629192 778 UP
150 63 70.3846574190711 774 UP
150 64 70.9365914038728 770 UP
150 65 71.5122367151245 766 UP
160 66 72.11102550927978 691 UP
160 67 72.73238618387272 673 UP
160 68 73.37574531137656 667 UP
160 69 74.04052944165107 661 UP
170 70 74.72616676907762 655 UP
170 71 75.43208866258443 649 UP
170 72 76.15773105863909 643 UP
170 73 76.90253571892151 637 UP
180 74 77.6659513557904 631 UP
180 75 78.44743462982075 625 UP
180 76 79.2464510246358 619 UP
180 77 80.06247560499239 613 UP
190 78 80.89499366462674 585 UP
190 79 81.74350127074322 581 UP
190 80 82.60750571225353 577 UP
190 81 83.48652585896721 573 UP
200 82 84.38009243891595 569 UP
200 83 84.38009243891595 565 UP
200 84 84.38009243891595 561 UP
200 85 84.38009243891595 557 UP
210 86 84.38009243891595 553 UP
210 87 84.38009243891595 549 UP
210 88 84.38009243891595 545 UP
210 89 84.38009243891595 541 UP
220 90 84.38009243891595 456 UP
220 91 84.38009243891595 452 UP
220 92 84.38009243891595 448 UP
220 93 84.38009243891595 444 UP
230 94 84.38009243891595 440 UP
230 95 84.38009243891595 436 UP
230 96 84.38009243891595 432 UP
230 97 84.38009243891595 428 UP
240 98 84.38009243891595 424 UP
240 99 84.38009243891595 420 UP
240 100 84.38009243891595 416 UP
240 101 84.38009243891595 412 UP
250 102 84.38009243891595 348 UP
250 103 84.38009243891595 330 UP
250 104 84.38009243891595 324 UP
250 105 84.38009243891595 318 UP
260 106 84.38009243891595 312 UP
260 107 84.38009243891595 306 UP
260 108 84.38009243891595 300 UP
260 109 84.38009243891595 294 UP
270 110 84.38009243891595 288 UP
270 111 85.28774824088158 282 UP
270 112 86.20904824900923 276 UP
270 113 87.14355971613737 270 UP
280 114 88.09086218218096 264 UP
280 115 89.05054744357274 258 UP
280 116 90.0222194794152 252 UP
280 117 91.00549433962765 246 UP
290 118 92.0 153 LEFT
290 119 93.00537618869137 152 LEFT
290 120 94.02127418834527 151 LEFT
290 121 95.04735661763561 150 LEFT
300 122 96.08329719571451 149 LEFT
300 123 97.12878049270464 148 LEFT
300 124 98.18350166906862 147 LEFT
300 125 99.24716620639605 146 LEFT
310 126 100.31948963187563 145 RIGHT
310 127 99.40824915468535 146 LEFT
310 128 100.4987562112089 145 RIGHT
310 129 99.60923651951158 146 LEFT
310 130 100.71742649611338 145 RIGHT
310 131 98.73196037757987 146 LEFT
310 132 98.73196037757987 145 RIGHT
310 133 96.74709297958259 146 LEFT
310 134 96.74709297958259 145 UP
310 135 95.63472172804185 139 UP
310 136 94.53041838477179 133 UP
310 137 93.43446901438462 127 UP
320 138 92.34717104492157 121 UP
320 139 91.26883367283708 115 UP
320 140 90.19977827023745 109 UP
320 141 89.1403387922662 103 UP
370 142 90.08884503644167 97 UP
370 143 91.0494371207203 91 UP
370 144 91.02197536858887 85 UP
370 145 92.00543462209176 79 UP
380 146 92.0 0 RIGHT
380 147 92.0 1 RIGHT
380 148 91.0 2 RIGHT
380 149 91.0 3 RIGHT
390 150 90.0 4 RIGHT
390 151 90.0 5 RIGHT
390 152 89.0 6 RIGHT
390 153 89.0 7 RIGHT
400 154 88.0 8 RIGHT
400 155 88.0 9 RIGHT
400 156 87.0 10 RIGHT
400 157 87.0 11 RIGHT
410 158 86.0 12 RIGHT
410 159 86.0 13 RIGHT
410 160 85.0 14 RIGHT
410 161 85.0 15 RIGHT
420 162 84.0 16 RIGHT
420 163 83.00602387778854 17 RIGHT
420 164 82.00609733428362 18 RIGHT
420 165 81.02468759581859 19 RIGHT
630 166 80.02499609497022 20 DOWN
630 167 80.02499609497022 80 DOWN
630 168 80.00624975587844 86 DOWN
630 169 80.00624975587844 92 DOWN
640 170 80.0 98 DOWN
640 171 80.0 104 DOWN
640 172 80.00624975587844 110 DOWN
640 173 80.00624975587844 116 DOWN
650 174 80.02499609497022 122 DOWN
650 175 80.02499609497022 128 DOWN
650 176 80.05623023850174 134 DOWN
650 177 80.05623023850174 140 DOWN
660 178 80.09993757800315 165 DOWN
660 179 80.09993757800315 247 UP
660 180 80.05623023850174 165 DOWN
660 181 80.05623023850174 247 UP
660 182 80.02499609497022 165 DOWN
660 183 80.02499609497022 247 UP
660 184 80.00624975587844 165 DOWN
660 185 80.00624975587844 247 UP
660 186 80.0 165 DOWN
660 187 79.00632886041473 247 UP
660 188 79.0 165 DOWN
660 189 78.00640999302557 247 UP
660 190 78.0 165 DOWN
660 191 77.00649323271382 247 UP
660 192 77.0 165 DOWN
660 193 76.00657866263946 247 UP
660 194 76.0 165 DOWN
660 195 77.00649323271382 247 UP
660 196 77.0 165 DOWN
660 197 78.00640999302557 247 UP
660 198 78.0 165 DOWN
660 199 79.00632886041473 247 UP
660 200 79.0 165 DOWN
660 201 80.00624975587844 247 UP
660 202 80.0 165 DOWN
660 203 80.02499609497022 247 UP
660 204 80.00624975587844 165 DOWN
660 205 80.05623023850174 247 UP
660 206 80.02499609497022 165 DOWN
660 207 80.09993757800315 247 UP
660 208 80.05623023850174 165 DOWN
660 209 80.15609770940699 247 UP
660 210 80.09993757800315 165 DOWN
660 211 80.22468448052632 247 UP
660 212 80.15609770940699 165 UP
660 213 80.15609770940699 140 DOWN
660 214 80.22468448052632 165 UP
660 215 80.22468448052632 140 DOWN
660 216 80.30566605165541 165 UP
660 217 80.30566605165541 140 DOWN
660 218 80.39900496896712 165 UP
660 219 80.39900496896712 140 DOWN
660 220 80.50465825031493 165 UP
660 221 80.50465825031493 140 DOWN
660 222 80.62257748298549 165 UP
660 223 80.62257748298549 140 DOWN
660 224 80.75270893288967 165 UP
660 225 80.75270893288967 140 DOWN
660 226 80.89499366462674 165 UP
660 227 79.76214641043707 140 DOWN
660 228 79.90619500389191 165 UP
660 229 78.77182237323191 140 DOWN
660 230 78.91767862779544 165 UP
660 231 77.78174593052023 140 DOWN
660 232 77.92945527847606 165 UP
660 233 76.79192665899195 140 DOWN
660 234 76.94153624668537 165 UP
660 235 75.8023746329889 140 DOWN
660 236 75.95393340703298 165 UP
660 237 74.81310045707235 140 DOWN
660 238 74.96665925596525 165 UP
660 239 73.824115301167 140 DOWN
660 240 73.97972695272672 165 UP
660 241 72.83543093852057 140 DOWN
660 242 72.99315036357864 165 UP
660 243 71.84705978674423 140 DOWN
660 244 72.00694410957877 165 UP
660 245 70.8590149522275 140 DOWN
660 246 71.02112361825881 165 UP
660 247 69.87131027825369 140 DOWN
660 248 70.03570517957252 165 UP
660 249 68.8839603971781 140 DOWN
660 250 69.05070600652827 165 UP
660 251 67.89698078707183 140 DOWN
660 252 68.06614430096654 165 UP
660 253 66.91038783328041 140 DOWN
660 254 67.08203932499369 165 UP
660 255 65.92419889539804 140 DOWN
660 256 66.09841147864296 165 UP
660 257 64.93843238021688 140 DOWN
660 258 65.11528238439882 165 UP
660 259 63.953107821277925 140 DOWN
660 260 64.13267497929586 165 UP
660 261 62.96824596572466 140 UP
660 262 62.80127387243033 134 DOWN
660 263 61.98386886924694 140 UP
660 264 61.814237842102365 134 DOWN
660 265 61.0 140 UP
660 266 60.8276253029822 134 DOWN
660 267 60.8276253029822 140 UP
660 268 60.67124524847005 134 DOWN
660 269 60.67124524847005 140 UP
660 270 60.530983801686226 134 DOWN
660 271 60.530983801686226 140 UP
660 272 60.40695324215582 134 DOWN
660 273 60.40695324215582 140 UP
660 274 60.29925372672534 134 UP
660 275 60.13318551349163 128 DOWN
660 276 60.207972893961475 134 UP
660 277 60.07495318350236 128 DOWN
660 278 60.13318551349163 134 UP
660 279 60.03332407921454 128 DOWN
660 280 60.07495318350236 134 UP
660 281 60.00833275470999 128 DOWN
660 282 60.03332407921454 134 UP
660 283 60.0 128 DOWN
660 284 60.00833275470999 134 UP
660 285 60.00833275470999 128 UP
660 286 60.03332407921454 122 DOWN
660 287 60.03332407921454 128 UP
660 288 60.07495318350236 122 DOWN
660 289 60.07495318350236 128 UP
660 290 60.13318551349163 122 DOWN
660 291 60.13318551349163 128 UP
660 292 60.207972893961475 122 DOWN
660 293 60.207972893961475 128 UP
660 294 60.29925372672534 122 DOWN
660 295 60.29925372672534 128 UP
660 296 60.40695324215582 122 DOWN
660 297 60.40695324215582 128 UP
660 298 60.530983801686226 122 UP
660 299 60.8276253029822 116 DOWN
660 300 60.67124524847005 122 UP
660 301 61.0 116 DOWN
660 302 60.8276253029822 122 UP
660 303 61.18823416311342 116 DOWN
660 304 61.0 122 UP
660 305 61.39218191268331 116 DOWN
660 306 61.18823416311342 122 UP
660 307 61.61168720299745 116 DOWN
660 308 61.39218191268331 122 UP
660 309 61.84658438426491 116 DOWN
660 310 61.61168720299745 122 UP
660 311 62.0966987850401 116 UP
660 312 62.36184731067546 110 DOWN
660 313 62.36184731067546 116 UP
660 314 62.6418390534633 110 DOWN
660 315 62.6418390534633 116 UP
660 316 62.93647591023825 110 DOWN
660 317 62.93647591023825 116 UP
660 318 63.245553203367585 110 DOWN
660 319 63.245553203367585 116 UP
660 320 63.56886030125127 110 DOWN
660 321 63.56886030125127 116 UP
660 322 63.90618123468183 110 DOWN
660 323 62.625873247404705 116 UP
660 324 62.96824596572466 110 UP
660 325 62.39390995922599 104 DOWN
660 326 62.03224967708329 110 UP
660 327 61.465437442517235 104 DOWN
660 328 61.09828148156051 110 UP
660 329 60.53924347066124 104 DOWN
660 330 60.166435825965294 110 UP
660 331 59.61543424315552 104 DOWN
660 332 59.23681287847955 110 UP
660 333 58.69412236331676 104 DOWN
660 334 58.309518948453004 110 UP
660 335 57.77542730261716 104 DOWN
660 336 57.38466694161429 110 UP
660 337 56.859475903318 104 UP
660 338 57.271284253105414 98 DOWN
660 339 55.94640292279746 104 UP
660 340 56.36488268416781 98 DOWN
660 341 55.036351623268054 104 UP
660 342 54.56189146281496 98 DOWN
660 343 53.225933528685054 104 UP
660 344 52.773099207835045 98 DOWN
660 345 51.42956348249516 104 UP
660 346 51.0 98 DOWN
660 347 49.64876634922564 104 UP
660 348 49.24428900898052 98 UP
660 349 48.877397639399746 92 DOWN
660 350 47.50789408087881 98 UP
660 351 47.16990566028302 92 DOWN
660 352 45.79301256742124 98 UP
660 353 45.48626166217664 92 DOWN
660 354 44.10215414239989 98 UP
660 355 43.829214001622255 92 DOWN
660 356 42.720018726587654 98 UP
660 357 42.720018726587654 92 UP
660 358 42.720018726587654 86 DOWN
660 359 41.677331968349414 92 UP
660 360 41.677331968349414 86 DOWN
660 361 40.70626487409524 92 UP
660 362 40.70626487409524 86 DOWN
660 363 39.81205847478876 92 UP
660 364 39.81205847478876 86 DOWN
660 365 39.0 92 UP
660 366 39.0 86 DOWN
660 367 38.27531841800928 92 UP
660 368 38.27531841800928 86 DOWN
660 369 37.64306044943742 92 UP
660 370 37.64306044943742 86 UP
660 371 37.64306044943742 80 DOWN
660 372 38.3275357934736 86 UP
660 373 39.56008088970496 80 DOWN
660 374 40.26164427839479 86 UP
660 375 41.48493702538308 80 DOWN
660 376 42.20189569201838 86 UP
660 377 43.41658669218482 80 DOWN
660 378 44.14748010928823 86 UP
660 379 45.35416188179427 80 DOWN
660 380 46.09772228646444 86 UP
660 381 47.29693436154187 80 DOWN
660 382 48.05205510693585 86 UP
660 383 49.24428900898052 80 DOWN
660 384 48.83646178829912 86 UP
660 385 48.83646178829912 80 UP
660 386 48.83646178829912 20 DOWN
660 387 48.507731342539614 80 UP
660 388 48.507731342539614 20 DOWN
660 389 48.25971404805462 80 UP
660 390 48.25971404805462 20 DOWN
660 391 48.093658625644196 80 UP
660 392 48.093658625644196 20 DOWN
660 393 48.010415536631214 80 UP
660 394 48.010415536631214 20 DOWN
660 395 48.010415536631214 80 UP
660 396 47.0 20 DOWN
660 397 46.010868281309364 80 UP
660 398 45.0 20 DOWN
660 399 44.01136216933077 80 UP
660 400 43.0 20 DOWN
660 401 42.01190307520001 80 UP
660 402 41.0 20 DOWN
660 403 40.01249804748511 80 UP
660 404 39.0 20 DOWN
660 405 38.01315561749642 80 UP
660 406 37.0 20 DOWN
660 407 36.013886210738214 80 UP
660 408 35.0 20 DOWN
660 409 34.0147027033899 80 UP
660 410 33.0 20 DOWN
660 411 32.01562118716424 80 UP
660 412 31.0 20 DOWN
660 413 30.01666203960727 80 UP
660 414 29.0 20 DOWN
660 415 28.0178514522438 80 UP
660 416 27.0 20 DOWN
660 417 26.019223662515376 80 UP
660 418 25.0 20 DOWN
660 419 24.020824298928627 80 UP
660 420 23.0 20 DOWN
660 421 22.02271554554524 80 UP
660 422 21.0 20 DOWN
660 423 20.024984394500787 80 UP
660 424 19.0 20 DOWN
660 425 18.027756377319946 80 UP
660 426 17.0 20 DOWN
660 427 16.0312195418814 80 UP
660 428 15.0 20 DOWN
660 429 14.035668847618199 80 UP
660 430 13.0 20 DOWN
660 431 12.041594578792296 80 UP
660 432 12.041594578792296 20 DOWN
660 433 12.041594578792296 80 UP
660 434 12.36931687685298 20 DOWN
660 435 12.36931687685298 80 UP
660 436 13.0 20 DOWN
660 437 13.0 80 UP
660 438 13.892443989449804 20 DOWN
660 439 13.892443989449804 80 UP
660 440 15.0 20 DOWN
660 441 15.0 80 UP
660 442 16.278820596099706 20 DOWN
660 443 16.278820596099706 80 UP
660 444 16.278820596099706 20 DOWN
660 445 14.866068747318506 80 UP
660 446 15.0 20 DOWN
660 447 13.601470508735444 80 UP
660 448 13.892443989449804 20 DOWN
660 449 12.529964086141668 80 UP
660 450 13.0 20 DOWN
660 451 11.704699910719626 80 UP
660 452 12.36931687685298 20 DOWN
660 453 11.180339887498949 80 UP
660 454 12.041594578792296 20 DOWN
660 455 11.0 80 UP
660 456 12.041594578792296 20 DOWN
660 457 11.180339887498949 80 UP
660 458 12.36931687685298 20 DOWN
660 459 11.704699910719626 80 UP
660 460 13.0 20 DOWN
660 461 12.529964086141668 80 UP
660 462 13.892443989449804 20 DOWN
660 463 13.601470508735444 80 UP
660 464 15.0 20 DOWN
660 465 14.866068747318506 80 UP
660 466 16.278820596099706 20 DOWN
660 467 16.278820596099706 80 UP
660 468 17.69180601295413 20 DOWN
660 469 17.804493814764857 80 UP
660 470 19.209372712298546 20 DOWN
660 471 19.4164878389476 80 UP
660 472 20.808652046684813 20 DOWN
660 473 21.095023109728988 80 UP
660 474 22.47220505424423 20 DOWN
660 475 22.825424421026653 80 UP
660 476 22.825424421026653 20 DOWN
660 477 21.93171219946131 80 UP
660 478 21.93171219946131 20 DOWN
660 479 21.18962010041709 80 UP
660 480 21.18962010041709 20 DOWN
660 481 20.615528128088304 80 UP
660 482 20.615528128088304 20 DOWN
660 483 20.223748416156685 80 UP
660 484 20.223748416156685 20 DOWN
660 485 20.024984394500787 80 UP
660 486 20.024984394500787 20 DOWN
660 487 20.024984394500787 80 UP
660 488 19.0 20 DOWN
660 489 18.027756377319946 80 UP
660 490 17.0 20 DOWN
660 491 16.0312195418814 80 UP
660 492 15.0 20 DOWN
660 493 14.035668847618199 80 UP
660 494 13.0 20 DOWN
660 495 12.041594578792296 80 UP
660 496 11.0 20 DOWN
660 497 10.04987562112089 80 UP
660 498 9.0 20 DOWN
660 499 8.06225774829855 80 UP
660 500 7.0 20 DOWN
660 501 6.082762530298219 80 UP
660 502 5.0 20 DOWN
660 503 4.123105625617661 80 UP
660 504 3.0 20 DOWN
660 505 2.23606797749979 80 UP
660 506 36.22154055254967 978 LEFT
660 507 36.124783736376884 977 LEFT
660 508 36.05551275463989 976 LEFT
660 509 36.013886210738214 975 LEFT
660 510 36.0 974 LEFT
660 511 36.013886210738214 973 LEFT
660 512 36.05551275463989 972 LEFT
660 513 36.124783736376884 971 LEFT
660 514 36.22154055254967 970 LEFT
660 515 36.345563690772494 969 LEFT
660 516 36.49657518178932 968 LEFT
660 517 36.6742416417845 967 LEFT
660 518 36.87817782917155 966 LEFT
660 519 37.107950630558946 965 LEFT
660 520 37.36308338453881 964 LEFT
660 521 37.64306044943742 963 LEFT
660 522 37.94733192202055 962 LEFT
660 523 38.27531841800928 961 LEFT
660 524 38.62641583165593 960 UP
660 525 37.69615364994153 925 UP
660 526 36.76955262170047 921 UP
660 527 35.84689665786984 917 UP
660 528 34.92849839314596 913 UP
660 529 34.0147027033899 909 UP
660 530 33.1058907144937 905 UP
660 531 32.202484376209235 901 UP
660 532 31.304951684997057 897 UP
660 533 30.4138126514911 893 UP
660 534 29.5296461204668 889 UP
660 535 28.653097563788805 885 UP
660 536 27.784887978899608 834 LEFT
660 537 28.30194339616981 833 LEFT
660 538 28.844410203711913 832 LEFT
660 539 29.410882339705484 831 LEFT
660 540 30.0 830 LEFT
660 541 30.610455730027933 829 LEFT
660 542 31.240998703626616 828 LEFT
660 543 31.89043743820395 827 LEFT
660 544 32.55764119219941 826 LEFT
660 545 45.0 825 LEFT
660 546 45.0 824 LEFT
660 547 45.0 823 LEFT
660 548 45.0 822 LEFT
660 549 45.0 821 LEFT
660 550 45.0 820 LEFT
660 551 45.0 819 LEFT
660 552 45.0 818 LEFT
660 553 45.0 817 LEFT
660 554 45.0 816 LEFT
660 555 45.0 815 LEFT
660 556 45.0 814 LEFT
660 557 45.0 813 LEFT
660 558 45.0 812 LEFT
660 559 45.0 811 LEFT
660 560 45.0 810 UP
660 561 43.60045871318328 806 UP
660 562 42.20189569201838 802 UP
660 563 40.80441152620633 798 UP
660 564 40.80441152620633 794 UP
660 565 40.80441152620633 790 UP
660 566 40.80441152620633 786 UP
660 567 40.80441152620633 782 UP
660 568 40.80441152620633 778 UP
660 569 40.80441152620633 774 UP
660 570 40.80441152620633 770 UP
660 571 40.80441152620633 766 UP
660 572 40.80441152620633 691 UP
660 573 40.80441152620633 673 UP
660 574 40.80441152620633 667 UP
660 575 40.80441152620633 661 UP
660 576 40.607881008493905 655 UP
660 577 40.45985664828782 649 UP
660 578 40.36087214122113 643 UP
660 579 40.311288741492746 637 UP
660 580 40.311288741492746 631 UP
660 581 40.36087214122113 625 UP
660 582 38.948684188300895 619 UP
660 583 37.53664875824692 613 UP
660 584 36.124783736376884 585 UP
660 585 34.713109915419565 581 UP
660 586 33.301651610693426 577 UP
660 587 31.89043743820395 573 UP
660 588 30.610455730027933 569 UP
660 589 29.410882339705484 565 UP
660 590 28.30194339616981 561 UP
660 591 27.294688127912362 557 UP
660 592 26.40075756488817 553 UP
660 593 25.632011235952593 549 UP
660 594 25.0 545 UP
660 595 24.515301344262525 541 UP
660 596 24.186773244895647 456 RIGHT
660 597 23.08679276123039 457 RIGHT
660 598 22.02271554554524 458 RIGHT
660 599 21.0 459 RIGHT
660 600 20.024984394500787 460 RIGHT
660 601 19.1049731745428 461 RIGHT
660 602 18.24828759089466 462 RIGHT
660 603 17.46424919657298 463 RIGHT
660 604 16.76305461424021 464 RIGHT
660 605 16.15549442140351 465 RIGHT
660 606 15.652475842498529 466 RIGHT
660 607 15.264337522473747 467 RIGHT
660 608 15.0 468 RIGHT
660 609 14.866068747318506 469 RIGHT
660 610 14.866068747318506 470 RIGHT
660 611 36.22154055254967 978 LEFT
660 612 36.124783736376884 977 LEFT
660 613 36.05551275463989 976 LEFT
660 614 36.013886210738214 975 LEFT
660 615 36.0 974 LEFT
660 616 36.013886210738214 973 LEFT
660 617 36.05551275463989 972 LEFT
660 618 36.124783736376884 971 LEFT
660 619 36.22154055254967 970 LEFT
660 620 36.345563690772494 969 LEFT
660 621 36.49657518178932 968 LEFT
660 622 36.6742416417845 967 LEFT
660 623 36.87817782917155 966 LEFT
660 624 37.107950630558946 965 LEFT
660 625 37.36308338453881 964 LEFT
660 626 37.64306044943742 963 LEFT
660 627 37.94733192202055 962 LEFT
660 628 38.27531841800928 961 LEFT
660 629 38.62641583165593 960 UP
660 630 37.69615364994153 925 UP
660 631 36.76955262170047 921 UP
660 632 35.84689665786984 917 UP
660 633 34.92849839314596 913 UP
660 634 34.0147027033899 909 UP
660 635 33.1058907144937 905 UP
660 636 32.202484376209235 901 UP
660 637 31.304951684997057 897 UP
660 638 30.4138126514911 893 UP
660 639 29.5296461204668 889 UP
660 640 28.653097563788805 885 UP
660 641 27.784887978899608 834 LEFT
660 642 28.30194339616981 833 LEFT
660 643 28.844410203711913 832 LEFT
660 644 29.410882339705484 831 LEFT
660 645 30.0 830 LEFT
660 646 30.610455730027933 829 LEFT
660 647 31.240998703626616 828 LEFT
660 648 31.89043743820395 827 LEFT
660 649 32.55764119219941 826 LEFT
660 650 45.0 825 LEFT
660 651 45.0 824 LEFT
660 652 45.0 823 LEFT
660 653 45.0 822 LEFT
660 654 45.0 821 LEFT
660 655 45.0 820 LEFT
660 656 45.0 819 LEFT
660 657 45.0 818 LEFT
660 658 45.0 817 LEFT
660 659 45.0 816 LEFT
660 660 45.0 815 LEFT
660 661 45.0 814 LEFT
660 662 45.0 813 LEFT
660 663 45.0 812 LEFT
660 664 45.0 811 LEFT
660 665 45.0 810 UP
660 666 43.60045871318328 806 UP
660 667 42.20189569201838 802 UP
660 668 40.80441152620633 798 UP
660 669 39.20459156782532 794 UP
660 670 37.64306044943742 790 UP
660 671 36.124783736376884 786 UP
660 672 34.655446902326915 782 UP
660 673 33.24154027718932 778 UP
660 674 31.89043743820395 774 UP
660 675 30.610455730027933 770 UP
660 676 29.410882339705484 766 UP
660 677 28.30194339616981 691 UP
660 678 27.294688127912362 673 UP
660 679 26.40075756488817 667 UP
660 680 25.632011235952593 661 UP
660 681 25.0 655 UP
660 682 24.515301344262525 649 UP
660 683 24.186773244895647 643 UP
660 684 24.020824298928627 637 UP
660 685 24.020824298928627 631 UP
660 686 24.186773244895647 625 UP
660 687 24.515301344262525 619 UP
660 688 25.0 613 UP
660 689 25.632011235952593 585 UP
660 690 26.40075756488817 581 UP
660 691 27.294688127912362 577 UP
660 692 28.30194339616981 573 UP
660 693 29.68164415931166 569 UP
660 694 31.064449134018133 565 UP
660 695 32.449961479175904 561 UP
660 696 33.83784863137726 557 UP
660 697 35.22782990761707 553 UP
660 698 36.61966684720111 549 UP
660 699 38.01315561749642 545 UP
660 700 39.408120990476064 541 UP
660 701 40.80441152620633 456 RIGHT
660 702 40.80441152620633 457 RIGHT
660 703 40.80441152620633 458 RIGHT
660 704 40.80441152620633 459 RIGHT
660 705 40.80441152620633 460 RIGHT
660 706 40.80441152620633 461 RIGHT
660 707 40.80441152620633 462 RIGHT
660 708 40.80441152620633 463 RIGHT
660 709 40.80441152620633 464 RIGHT
660 710 40.80441152620633 465 RIGHT
660 711 40.80441152620633 466 RIGHT
660 712 40.80441152620633 467 RIGHT
660 713 40.80441152620633 468 RIGHT
660 714 40.80441152620633 469 RIGHT
660 715 40.80441152620633 470 RIGHT
660 716 40.80441152620633 471 RIGHT
660 717 40.80441152620633 472 RIGHT
660 718 40.80441152620633 473 RIGHT
660 719 40.80441152620633 474 RIGHT
660 720 40.80441152620633 475 RIGHT
660 721 40.80441152620633 476 RIGHT
660 722 40.80441152620633 477 RIGHT
660 723 40.80441152620633 478 RIGHT
660 724 40.80441152620633 479 RIGHT
660 725 40.80441152620633 480 RIGHT
